#Frame     d_OH_SEROG
       1       2.8400
       2       2.7479
       3       2.7327
       4       2.8648
       5       2.6430
       6       2.7054
       7       2.5756
       8       2.8712
       9       2.7905
      10       2.7351
      11       2.6898
      12       2.6073
      13       3.0590
      14       2.6867
      15       3.1252
      16       2.7151
      17       2.8468
      18       2.7077
      19       2.7742
      20       2.8788
      21       2.7373
      22       2.8141
      23       2.6450
      24       2.9212
      25       2.7617
      26       2.7661
      27       2.6979
      28       3.0104
      29       2.8034
      30       2.7469
      31       2.7821
      32       2.7512
      33       2.5964
      34       2.7426
      35       2.9918
      36       2.8354
      37       2.8615
      38       2.8936
      39       2.7171
      40       2.7615
      41       2.8020
      42       2.7325
      43       2.8921
      44       2.9329
      45       2.9218
      46       2.7830
      47       2.7976
      48       2.6503
      49       2.8888
      50       2.6770
      51       2.7452
      52       2.7906
      53       2.6795
      54       2.7743
      55       2.6886
      56       2.6908
      57       2.6177
      58       2.8071
      59       3.0171
      60       2.7914
      61       2.6688
      62       2.7707
      63       2.7813
      64       3.0329
      65       2.8270
      66       2.9157
      67       2.7405
      68       2.5990
      69       2.7335
      70       2.6647
      71       2.8161
      72       2.7939
      73       2.6928
      74       2.7613
      75       2.7267
      76       2.6565
      77       2.7852
      78       2.8105
      79       2.8614
      80       2.6715
      81       2.7600
      82       2.9318
      83       2.8770
      84       2.7283
      85       2.7481
      86       2.8122
      87       2.7174
      88       2.8328
      89       3.0396
      90       2.6380
      91       2.7640
      92       2.6528
      93       2.9174
      94       3.0406
      95       2.6931
      96       2.7822
      97       2.7504
      98       2.7303
      99       2.9186
     100       2.6142
     101       2.7331
     102       2.9553
     103       2.7849
     104       2.6863
     105       2.7895
     106       2.8224
     107       2.7606
     108       2.9301
     109       2.7834
     110       2.8545
     111       3.1178
     112       2.6794
     113       2.7509
     114       3.1048
     115       2.7653
     116       2.8359
     117       2.6701
     118       2.6715
     119       2.7031
     120       2.8115
     121       2.6968
     122       2.7259
     123       2.7133
     124       2.7223
     125       2.6621
     126       2.7612
     127       2.7724
     128       2.7492
     129       2.8756
     130       2.8499
     131       2.8019
     132       2.9711
     133       2.7228
     134       2.6638
     135       2.9534
     136       3.0521
     137       2.7823
     138       2.7098
     139       2.8124
     140       2.6850
     141       2.6976
     142       2.8686
     143       2.6439
     144       3.0655
     145       2.7805
     146       2.9594
     147       2.8359
     148       2.7662
     149       2.8548
     150       2.5843
     151       2.9844
     152       3.0813
     153       2.7745
     154       2.7898
     155       2.7550
     156       2.7586
     157       2.7216
     158       2.7321
     159       2.7451
     160       2.7507
     161       3.0040
     162       2.7510
     163       2.8135
     164       2.6107
     165       2.8054
     166       2.8284
     167       2.8603
     168       2.8136
     169       2.7856
     170       2.6486
     171       2.7413
     172       2.8087
     173       2.9251
     174       2.8780
     175       2.7209
     176       2.9022
     177       2.6823
     178       3.0330
     179       2.8338
     180       2.8881
     181       2.9178
     182       2.8806
     183       2.8300
     184       2.8348
     185       2.7574
     186       2.9704
     187       2.6908
     188       2.5110
     189       2.7601
     190       2.7114
     191       2.7515
     192       2.9432
     193       2.8860
     194       2.8033
     195       2.7338
     196       2.7169
     197       2.7147
     198       2.9377
     199       2.6712
     200       2.7244
     201       2.6993
     202       2.9432
     203       2.7606
     204       2.9216
     205       2.9171
     206       2.6148
     207       2.7949
     208       2.6445
     209       2.7774
     210       2.7021
     211       2.9041
     212       2.5835
     213       2.8848
     214       2.7338
     215       2.6923
     216       3.2848
     217       2.9114
     218       2.8873
     219       2.9148
     220       2.6661
     221       2.7276
     222       2.6457
     223       2.7410
     224       3.1336
     225       2.6790
     226       2.7669
     227       2.7134
     228       2.7061
     229       2.6881
     230       2.7642
     231       2.8066
     232       2.7601
     233       2.7965
     234       2.8359
     235       2.6574
     236       2.8348
     237       2.8083
     238       2.8940
     239       2.9681
     240       2.9063
     241       2.8765
     242       2.8895
     243       3.0105
     244       2.6855
     245       2.7375
     246       2.9746
     247       2.9393
     248       3.1704
     249       2.8612
     250       2.6598
     251       2.7593
     252       2.7037
     253       2.8449
     254       2.6347
     255       2.7692
     256       2.9530
     257       2.7143
     258       2.6428
     259       2.7170
     260       2.8326
     261       2.6083
     262       2.7674
     263       2.7667
     264       2.7822
     265       2.6608
     266       2.7900
     267       2.8143
     268       2.6223
     269       2.8180
     270       2.6804
     271       2.6963
     272       2.5759
     273       2.8599
     274       2.8995
     275       3.0075
     276       2.6152
     277       2.6734
     278       2.8299
     279       2.7601
     280       2.7940
     281       2.7610
     282       2.8656
     283       2.6513
     284       2.6083
     285       2.8379
     286       2.8204
     287       2.7185
     288       2.6758
     289       2.6704
     290       2.6860
     291       2.6756
     292       2.7621
     293       2.7673
     294       3.0148
     295       2.7119
     296       2.9032
     297       2.9142
     298       2.7166
     299       2.7698
     300       2.6471
     301       2.8517
     302       2.9997
     303       2.8914
     304       2.9912
     305       2.7814
     306       2.7910
     307       2.7985
     308       2.6978
     309       2.7084
     310       2.6091
     311       2.8080
     312       2.6308
     313       2.9778
     314       2.5427
     315       2.8061
     316       2.6500
     317       2.9023
     318       2.9136
     319       2.9021
     320       2.7381
     321       2.9058
     322       2.7807
     323       2.9894
     324       2.9506
     325       2.9316
     326       2.8289
     327       2.7746
     328       2.6115
     329       2.6856
     330       2.9131
     331       3.0971
     332       2.6671
     333       2.8048
     334       2.5771
     335       2.8077
     336       2.8410
     337       2.6835
     338       2.6154
     339       2.8479
     340       2.7539
     341       2.8880
     342       2.7057
     343       2.7283
     344       2.8984
     345       2.5506
     346       2.7619
     347       2.5417
     348       2.9549
     349       2.8528
     350       2.8819
     351       2.8475
     352       2.7338
     353       2.8985
     354       2.5898
     355       2.9045
     356       2.6693
     357       2.7820
     358       2.8527
     359       2.7414
     360       2.6428
     361       2.7503
     362       2.7679
     363       2.5994
     364       3.1972
     365       2.8575
     366       2.8854
     367       2.8884
     368       2.8696
     369       2.7205
     370       2.7926
     371       2.7796
     372       2.8010
     373       2.8410
     374       2.6793
     375       3.0138
     376       2.7876
     377       2.7730
     378       2.7528
     379       2.7190
     380       2.8480
     381       2.6718
     382       2.7887
     383       3.0009
     384       2.6617
     385       2.7055
     386       2.9196
     387       2.7436
     388       2.8060
     389       2.7197
     390       2.8154
     391       2.8232
     392       2.6975
     393       2.8939
     394       2.5644
     395       2.6497
     396       2.8664
     397       2.8133
     398       2.9299
     399       2.8935
     400       2.6778
     401       2.7427
     402       2.9948
     403       2.7793
     404       2.6111
     405       2.8092
     406       2.6914
     407       3.1492
     408       2.5945
     409       2.7266
     410       2.7214
     411       2.9375
     412       2.7735
     413       2.7414
     414       2.8457
     415       2.9988
     416       2.8506
     417       2.7201
     418       2.5435
     419       2.8008
     420       2.6977
     421       2.7771
     422       2.7249
     423       2.9269
     424       2.6531
     425       2.8956
     426       3.2640
     427       2.7492
     428       2.7540
     429       2.6019
     430       2.7844
     431       2.7237
     432       2.8793
     433       2.8561
     434       2.8596
     435       2.7704
     436       2.6057
     437       2.8540
     438       2.7911
     439       2.7420
     440       2.8302
     441       2.6395
     442       2.7988
     443       2.6560
     444       2.7779
     445       2.7863
     446       2.6725
     447       2.7334
     448       2.8884
     449       2.6362
     450       2.9124
     451       2.7556
     452       2.8565
     453       2.7506
     454       2.6221
     455       2.7443
     456       2.7334
     457       2.8433
     458       2.6574
     459       2.6449
     460       2.6489
     461       2.6966
     462       2.8286
     463       2.7274
     464       2.6575
     465       2.7727
     466       2.6124
     467       2.7605
     468       2.5336
     469       2.6770
     470       2.6479
     471       3.0145
     472       2.7688
     473       2.6470
     474       2.8450
     475       3.0311
     476       2.7842
     477       2.7664
     478       2.6532
     479       2.6458
     480       2.8340
     481       2.7972
     482       2.6249
     483       2.6468
     484       2.9318
     485       2.7785
     486       2.8819
     487       2.7250
     488       2.7496
     489       2.7139
     490       2.6721
     491       2.6486
     492       2.6691
     493       2.9240
     494       2.7387
     495       2.6474
     496       2.5652
     497       2.7023
     498       2.7431
     499       2.7496
     500       3.0089
     501       2.9921
     502       2.8844
     503       2.8783
     504       2.9161
     505       3.0358
     506       2.7508
     507       3.1272
     508       2.9693
     509       2.9945
     510       2.9672
     511       3.0680
     512       3.0044
     513       2.7636
     514       3.8954
     515       2.8072
     516       3.0498
     517       2.8394
     518       2.6136
     519       2.7542
     520       2.8795
     521       2.7831
     522       3.1066
     523       3.1909
     524       2.7836
     525       2.9066
     526       3.1309
     527       2.8022
     528       2.9206
     529       2.9428
     530       2.5498
     531       2.7409
     532       2.7204
     533       2.8347
     534       2.7686
     535       2.6611
     536       3.3294
     537       2.7816
     538       2.8069
     539       3.0103
     540       2.8203
     541       3.4228
     542       2.7214
     543       2.8473
     544       2.9752
     545       3.0919
     546       2.9166
     547       2.6273
     548       2.9528
     549       2.7343
     550       2.7580
     551       2.9211
     552       2.7958
     553       2.7287
     554       2.6308
     555       2.9895
     556       2.9379
     557       2.7698
     558       3.0878
     559       2.8124
     560       3.0551
     561       3.0161
     562       3.0392
     563       2.9115
     564       2.7479
     565       2.9414
     566       2.8171
     567       2.8561
     568       2.9044
     569       2.8760
     570       3.3417
     571       3.0289
     572       2.8402
     573       2.6371
     574       2.7874
     575       3.2496
     576       2.9235
     577       2.9612
     578       2.6232
     579       3.2067
     580       2.7493
     581       2.8810
     582       2.7819
     583       3.0506
     584       3.2710
     585       2.7490
     586       2.9433
     587       2.9099
     588       2.8365
     589       2.8713
     590       2.7897
     591       3.4929
     592       2.9816
     593       2.9644
     594       3.2497
     595       2.6651
     596       2.7647
     597       2.9543
     598       2.5873
     599       2.8165
     600       2.8867
     601       2.8136
     602       2.8899
     603       2.8779
     604       3.1883
     605       2.7631
     606       2.7953
     607       2.5470
     608       2.8706
     609       2.9427
     610       3.0317
     611       2.8542
     612       2.7721
     613       2.9192
     614       2.6531
     615       2.8722
     616       2.6597
     617       2.7985
     618       3.1285
     619       2.8136
     620       2.7508
     621       2.8625
     622       3.2018
     623       3.2394
     624       3.0724
     625       2.6913
     626       3.0247
     627       3.2988
     628       2.9535
     629       2.9191
     630       3.0714
     631       2.8349
     632       2.8981
     633       3.0848
     634       3.0843
     635       2.8746
     636       2.8959
     637       2.8694
     638       2.6715
     639       2.7346
     640       2.8406
     641       3.2189
     642       2.8177
     643       2.8082
     644       2.8078
     645       3.2847
     646       2.6867
     647       2.8726
     648       2.8048
     649       3.0955
     650       3.1373
     651       2.9406
     652       2.9395
     653       2.8825
     654       3.0513
     655       3.0235
     656       2.8542
     657       3.0687
     658       3.1268
     659       2.8949
     660       2.7155
     661       2.6218
     662       2.6544
     663       2.9521
     664       3.3133
     665       3.3991
     666       2.8538
     667       2.8603
     668       2.7884
     669       3.2517
     670       3.0641
     671       2.6822
     672       3.0611
     673       2.8610
     674       2.8627
     675       2.8027
     676       2.7885
     677       3.0512
     678       2.7218
     679       2.8413
     680       3.1477
     681       3.3200
     682       2.7812
     683       2.7290
     684       2.8514
     685       2.7342
     686       2.9725
     687       3.2820
     688       2.9930
     689       2.9783
     690       3.3578
     691       2.8167
     692       3.0947
     693       2.7946
     694       2.8991
     695       2.8923
     696       3.1273
     697       3.1073
     698       2.8977
     699       2.7189
     700       2.7772
     701       3.0891
     702       2.7213
     703       2.7716
     704       2.8574
     705       3.1108
     706       3.0937
     707       2.8841
     708       2.9369
     709       2.8293
     710       3.0785
     711       3.0021
     712       2.7799
     713       2.9462
     714       2.6709
     715       2.9857
     716       2.7703
     717       2.9525
     718       2.7914
     719       2.6164
     720       3.2748
     721       3.0585
     722       2.8454
     723       2.8442
     724       2.9300
     725       3.0392
     726       2.9072
     727       2.7339
     728       2.8598
     729       2.7144
     730       2.9355
     731       2.8920
     732       2.6735
     733       2.7440
     734       3.0183
     735       3.1924
     736       2.8634
     737       2.7399
     738       3.1463
     739       2.8854
     740       2.9308
     741       2.9028
     742       2.8699
     743       2.6386
     744       3.0016
     745       2.9811
     746       2.9549
     747       2.9555
     748       2.8368
     749       2.8608
     750       3.0916
     751       2.6940
     752       2.6989
     753       2.8174
     754       2.8185
     755       2.6492
     756       2.6949
     757       3.4378
     758       3.4678
     759       3.0609
     760       3.0079
     761       2.8544
     762       3.1357
     763       2.9515
     764       3.0027
     765       3.0451
     766       2.9638
     767       2.9379
     768       2.7402
     769       3.3547
     770       2.8827
     771       2.8392
     772       2.8831
     773       3.0039
     774       3.2410
     775       2.8107
     776       2.9284
     777       2.8704
     778       2.6594
     779       3.0473
     780       2.8634
     781       3.1645
     782       2.8100
     783       2.8074
     784       3.1118
     785       2.8091
     786       3.0717
     787       2.9702
     788       3.1219
     789       3.0327
     790       3.0441
     791       2.8973
     792       2.7911
     793       2.7509
     794       3.0432
     795       3.1347
     796       3.5005
     797       2.8769
     798       3.1031
     799       3.0493
     800       2.5161
     801       2.9812
     802       2.7243
     803       3.0237
     804       2.7298
     805       2.8017
     806       3.0706
     807       2.7605
     808       2.6662
     809       2.6652
     810       2.8298
     811       2.9067
     812       2.9228
     813       2.8621
     814       2.8112
     815       2.8949
     816       2.9516
     817       2.9004
     818       2.7257
     819       2.8345
     820       2.9129
     821       2.7984
     822       2.8523
     823       2.6680
     824       3.1134
     825       3.2928
     826       3.1963
     827       2.7914
     828       2.9296
     829       3.1583
     830       2.9167
     831       3.3969
     832       2.6730
     833       2.7523
     834       2.8215
     835       2.9339
     836       2.6617
     837       2.8166
     838       3.0192
     839       2.8760
     840       3.0960
     841       2.9277
     842       3.0182
     843       2.7478
     844       2.9052
     845       2.9780
     846       2.7313
     847       2.8221
     848       2.8568
     849       2.9029
     850       3.0394
     851       3.0360
     852       3.0906
     853       3.0613
     854       2.8836
     855       2.8095
     856       2.8543
     857       2.7911
     858       2.8320
     859       2.6858
     860       2.8364
     861       2.8479
     862       2.9500
     863       2.9256
     864       2.7602
     865       2.7715
     866       2.8521
     867       2.9358
     868       2.8002
     869       2.8122
     870       2.8833
     871       2.8423
     872       2.9244
     873       3.0065
     874       2.9571
     875       2.8845
     876       3.0267
     877       2.8491
     878       2.9885
     879       2.8787
     880       3.0212
     881       2.7583
     882       3.2651
     883       3.4817
     884       2.8980
     885       2.9845
     886       2.9178
     887       2.6291
     888       2.8601
     889       3.1520
     890       2.9766
     891       2.9559
     892       2.9085
     893       2.6647
     894       3.0850
     895       3.2912
     896       3.0093
     897       2.9282
     898       3.0258
     899       2.6510
     900       2.7274
     901       2.6390
     902       3.1071
     903       3.2274
     904       2.8305
     905       2.8144
     906       2.7032
     907       2.9089
     908       3.2028
     909       3.0284
     910       2.8009
     911       2.7235
     912       2.9154
     913       3.0014
     914       2.9741
     915       3.0792
     916       3.6499
     917       2.8256
     918       2.9376
     919       3.0417
     920       2.7453
     921       3.0415
     922       3.0970
     923       2.8328
     924       3.0823
     925       3.0372
     926       3.5714
     927       3.4835
     928       2.7265
     929       2.7111
     930       3.0594
     931       3.2138
     932       2.7030
     933       2.7385
     934       3.1564
     935       3.0082
     936       3.5268
     937       2.7944
     938       3.3109
     939       3.3931
     940       2.9679
     941       2.8949
     942       3.1545
     943       3.8408
     944       2.8222
     945       3.0655
     946       2.8655
     947       3.1568
     948       3.2166
     949       3.1964
     950       3.2013
     951       2.8852
     952       2.9750
     953       3.1029
     954       3.0773
     955       2.8208
     956       3.5178
     957       3.0266
     958       3.0251
     959       3.0236
     960       2.7427
     961       2.8075
     962       2.8532
     963       3.1262
     964       3.5326
     965       2.8432
     966       2.7905
     967       2.8715
     968       2.8576
     969       2.7704
     970       2.7009
     971       3.0198
     972       2.7302
     973       2.8908
     974       2.5652
     975       2.9356
     976       3.6250
     977       3.0868
     978       2.9571
     979       2.6757
     980       2.8293
     981       2.5786
     982       2.9918
     983       3.1471
     984       2.9479
     985       3.0694
     986       2.7815
     987       2.7732
     988       3.8245
     989       3.3350
     990       2.8111
     991       3.0074
     992       2.9307
     993       3.0463
     994       2.7543
     995       2.9318
     996       2.7249
     997       2.9161
     998       2.7955
     999       2.7449
    1000       3.1371
    1001       3.1199
    1002       2.6716
    1003       3.0289
    1004       2.9580
    1005       2.8693
    1006       2.8301
    1007       3.2799
    1008       3.2273
    1009       3.1957
    1010       2.7548
    1011       2.7808
    1012       2.7716
    1013       3.1526
    1014       2.7588
    1015       3.1534
    1016       3.0277
    1017       2.7411
    1018       2.7684
    1019       2.7867
    1020       2.9109
    1021       2.7266
    1022       2.8535
    1023       2.8684
    1024       2.6989
    1025       2.9411
    1026       2.6095
    1027       3.1163
    1028       2.7182
    1029       3.0114
    1030       2.6753
    1031       2.8688
    1032       2.8155
    1033       2.9742
    1034       3.0057
    1035       2.9580
    1036       2.8613
    1037       2.9693
    1038       2.8021
    1039       2.6790
    1040       3.1611
    1041       3.1878
    1042       2.8842
    1043       2.8594
    1044       2.8243
    1045       2.6452
    1046       3.0626
    1047       2.7004
    1048       2.7127
    1049       2.7540
    1050       3.0411
    1051       2.9217
    1052       2.7703
    1053       2.8162
    1054       3.0116
    1055       3.0457
    1056       3.3130
    1057       3.0301
    1058       3.2638
    1059       3.1213
    1060       2.9393
    1061       2.9147
    1062       2.8705
    1063       2.9114
    1064       2.6998
    1065       3.0080
    1066       2.6598
    1067       2.6786
    1068       3.1279
    1069       3.2948
    1070       2.7667
    1071       2.9718
    1072       2.9169
    1073       2.8428
    1074       3.0864
    1075       2.8764
    1076       3.1808
    1077       2.8859
    1078       2.7576
    1079       2.9612
    1080       2.7246
    1081       2.7692
    1082       2.7717
    1083       2.8874
    1084       2.7648
    1085       2.8384
    1086       2.6439
    1087       3.1024
    1088       2.7983
    1089       2.7172
    1090       2.8322
    1091       3.1812
    1092       3.2997
    1093       2.6319
    1094       3.1065
    1095       3.2733
    1096       2.6835
    1097       2.5853
    1098       2.6856
    1099       2.8733
    1100       2.8299
    1101       3.0435
    1102       3.0882
    1103       3.4639
    1104       2.7552
    1105       2.6409
    1106       3.0705
    1107       2.8196
    1108       2.8785
    1109       2.7214
    1110       2.8582
    1111       2.7581
    1112       2.9115
    1113       2.8373
    1114       2.9766
    1115       3.1531
    1116       2.7989
    1117       3.0561
    1118       2.9377
    1119       2.8392
    1120       2.7549
    1121       2.7488
    1122       3.1655
    1123       2.9036
    1124       2.8835
    1125       2.9151
    1126       2.7971
    1127       3.1828
    1128       2.9371
    1129       2.7878
    1130       2.7633
    1131       2.6619
    1132       3.2268
    1133       2.8825
    1134       2.7594
    1135       2.8579
    1136       2.9132
    1137       3.0662
    1138       2.7431
    1139       2.6601
    1140       2.9597
    1141       2.6640
    1142       2.7516
    1143       2.7104
    1144       2.8501
    1145       2.9095
    1146       2.6223
    1147       2.8452
    1148       2.9858
    1149       2.7012
    1150       3.8485
    1151       4.4866
    1152       5.5818
    1153       5.1460
    1154       5.0562
    1155       5.4321
    1156       5.3705
    1157       2.8005
    1158       2.8260
    1159       2.9982
    1160       2.6226
    1161       2.8475
    1162       2.8620
    1163       2.7500
    1164       2.7277
    1165       2.8118
    1166       3.1898
    1167       3.0087
    1168       2.5539
    1169       2.7922
    1170       2.7345
    1171       3.6405
    1172       2.7108
    1173       2.8086
    1174       3.1132
    1175       2.8232
    1176       2.9062
    1177       2.7624
    1178       2.8021
    1179       3.0508
    1180       2.9824
    1181       2.8688
    1182       2.8113
    1183       3.2599
    1184       2.9041
    1185       3.0286
    1186       2.8770
    1187       2.8100
    1188       3.3303
    1189       2.8451
    1190       2.7189
    1191       3.2611
    1192       2.6659
    1193       2.8865
    1194       2.7131
    1195       2.8155
    1196       2.8389
    1197       2.8194
    1198       2.8576
    1199       2.7524
    1200       2.8780
    1201       2.9113
    1202       2.9766
    1203       3.2387
    1204       3.0669
    1205       3.3027
    1206       2.7017
    1207       2.6824
    1208       2.6165
    1209       2.8672
    1210       2.8977
    1211       3.1303
    1212       2.7996
    1213       2.6682
    1214       2.8090
    1215       3.0588
    1216       2.7997
    1217       3.0047
    1218       2.8348
    1219       2.7094
    1220       2.6434
    1221       3.1220
    1222       3.0758
    1223       2.9485
    1224       2.7745
    1225       2.7249
    1226       2.6314
    1227       2.6210
    1228       2.9058
    1229       3.1085
    1230       2.7613
    1231       2.7456
    1232       2.7610
    1233       2.8420
    1234       3.0523
    1235       3.0792
    1236       3.4152
    1237       2.9868
    1238       2.8797
    1239       2.6154
    1240       2.8161
    1241       2.7280
    1242       2.8107
    1243       2.8857
    1244       3.2191
    1245       3.1724
    1246       3.1723
    1247       2.8189
    1248       2.9582
    1249       2.9103
    1250       3.2923
    1251       2.7541
    1252       2.8748
    1253       2.9835
    1254       2.7774
    1255       2.7079
    1256       3.0797
    1257       2.9746
    1258       2.8523
    1259       2.9996
    1260       2.7097
    1261       2.8619
    1262       3.6255
    1263       2.8745
    1264       3.0391
    1265       3.2205
    1266       2.9987
    1267       2.7557
    1268       2.8844
    1269       3.0818
    1270       2.9445
    1271       3.1100
    1272       2.8115
    1273       2.8092
    1274       2.8248
    1275       2.9352
    1276       2.6594
    1277       2.9276
    1278       3.7863
    1279       2.8287
    1280       3.0915
    1281       2.7454
    1282       2.9383
    1283       3.4798
    1284       2.7342
    1285       2.8321
    1286       2.9237
    1287       2.8267
    1288       3.2620
    1289       2.8323
    1290       3.7034
    1291       4.6685
    1292       4.4049
    1293       2.8774
    1294       3.1240
    1295       2.9043
    1296       2.7172
    1297       3.2664
    1298       2.9434
    1299       3.2229
    1300       2.8550
    1301       2.8729
    1302       3.1977
    1303       2.9029
    1304       2.9072
    1305       2.9539
    1306       2.7352
    1307       2.6026
    1308       3.2091
    1309       2.7790
    1310       2.9751
    1311       2.7923
    1312       2.7413
    1313       3.2872
    1314       3.7381
    1315       3.5096
    1316       3.8707
    1317       2.9473
    1318       3.9860
    1319       3.1308
    1320       2.8115
    1321       3.2654
    1322       3.2417
    1323       3.1410
    1324       3.6563
    1325       3.5169
    1326       2.9241
    1327       3.3809
    1328       3.0203
    1329       3.3727
    1330       3.6530
    1331       3.3854
    1332       3.1533
    1333       3.0569
    1334       3.2850
    1335       3.2864
    1336       3.7346
    1337       3.2233
    1338       3.6966
    1339       3.0477
    1340       3.1110
    1341       3.9074
    1342       3.7925
    1343       3.1682
    1344       3.1587
    1345       3.3793
    1346       3.5328
    1347       4.0851
    1348       3.4753
    1349       3.0581
    1350       3.2263
    1351       3.9995
    1352       3.2811
    1353       3.3915
    1354       3.5272
    1355       3.6211
    1356       3.3004
    1357       2.8976
    1358       3.0684
    1359       3.3597
    1360       3.8661
    1361       3.0088
    1362       3.1971
    1363       3.4794
    1364       3.1305
    1365       3.2073
    1366       3.4747
    1367       3.6314
    1368       2.8223
    1369       3.4645
    1370       4.0527
    1371       3.2906
    1372       4.0135
    1373       3.7170
    1374       3.7092
    1375       3.1499
    1376       3.5586
    1377       3.7205
    1378       3.2386
    1379       3.3079
    1380       3.7035
    1381       2.9334
    1382       3.4414
    1383       3.0063
    1384       3.3064
    1385       3.9384
    1386       3.9147
    1387       3.1060
    1388       3.5164
    1389       3.3195
    1390       4.9749
    1391       5.9192
    1392       5.4244
    1393       5.4928
    1394       5.0777
    1395       5.6058
    1396       5.4764
    1397       4.5328
    1398       5.7180
    1399       3.5595
    1400       3.0817
