#Frame   d_OH_GLU_OE1
       1       7.5467
       2       7.6214
       3       7.8581
       4       7.7390
       5       7.9677
       6       7.8712
       7       7.9134
       8       7.8170
       9       7.8024
      10       7.6744
      11       8.0171
      12       7.8432
      13       7.7523
      14       7.8029
      15       7.4796
      16       7.8219
      17       7.9311
      18       7.8112
      19       7.9253
      20       7.8729
      21       7.8373
      22       7.6800
      23       7.8372
      24       7.6701
      25       8.1364
      26       7.7429
      27       7.8757
      28       7.9517
      29       7.7034
      30       7.6526
      31       7.7218
      32       7.4911
      33       7.8858
      34       7.7966
      35       7.7122
      36       7.8055
      37       7.7829
      38       7.8823
      39       7.7918
      40       7.9823
      41       8.0053
      42       7.6502
      43       7.7042
      44       7.7752
      45       7.6665
      46       7.6512
      47       7.6762
      48       7.6221
      49       7.7061
      50       7.8600
      51       7.7906
      52       7.7770
      53       7.6738
      54       7.8346
      55       7.7906
      56       8.0034
      57       7.9206
      58       7.7891
      59       7.7484
      60       7.8523
      61       7.9174
      62       7.9732
      63       7.7509
      64       7.8680
      65       7.7556
      66       7.6909
      67       7.7358
      68       7.7878
      69       7.9469
      70       7.9293
      71       7.7072
      72       7.6201
      73       7.7552
      74       7.8511
      75       7.8605
      76       7.7164
      77       7.8184
      78       7.6223
      79       7.9221
      80       7.7788
      81       7.7269
      82       8.0946
      83       7.8982
      84       7.7831
      85       7.8160
      86       7.7852
      87       7.7140
      88       7.7537
      89       7.8301
      90       7.9084
      91       7.8647
      92       8.0063
      93       7.9797
      94       7.9252
      95       7.7513
      96       7.8531
      97       7.7902
      98       7.5340
      99       7.6797
     100       8.1540
     101       7.7953
     102       8.0668
     103       7.7996
     104       7.8616
     105       7.6940
     106       7.8894
     107       7.8140
     108       7.6209
     109       7.6639
     110       7.7814
     111       7.5602
     112       7.6355
     113       7.9924
     114       7.8040
     115       7.8567
     116       7.8686
     117       7.7814
     118       7.8436
     119       7.7329
     120       7.7313
     121       8.0520
     122       7.9435
     123       7.7716
     124       7.8049
     125       7.8009
     126       7.9238
     127       7.7592
     128       7.8593
     129       7.8327
     130       7.6879
     131       7.6857
     132       7.7326
     133       7.5956
     134       7.8095
     135       7.8513
     136       7.6120
     137       7.7236
     138       7.8057
     139       7.7536
     140       7.6659
     141       7.9358
     142       7.8492
     143       7.9879
     144       7.7647
     145       7.8125
     146       7.4331
     147       7.7911
     148       7.7229
     149       7.9323
     150       7.7668
     151       7.9363
     152       7.7188
     153       8.0534
     154       7.7451
     155       7.8181
     156       7.7509
     157       8.1421
     158       7.5675
     159       7.9836
     160       7.7986
     161       7.9013
     162       7.6798
     163       7.7716
     164       7.8751
     165       7.7036
     166       7.9516
     167       7.7800
     168       7.6476
     169       7.9855
     170       7.7068
     171       7.8535
     172       7.8769
     173       7.8760
     174       7.5654
     175       7.9205
     176       8.0423
     177       7.7795
     178       7.5456
     179       7.8127
     180       7.7082
     181       7.5544
     182       7.7610
     183       7.7154
     184       7.8378
     185       7.7962
     186       7.9218
     187       7.9975
     188       7.7328
     189       7.7898
     190       7.8329
     191       7.7741
     192       7.7492
     193       7.6836
     194       7.5819
     195       7.8201
     196       7.8023
     197       7.9500
     198       7.7630
     199       7.9063
     200       7.7013
     201       7.7961
     202       7.9155
     203       7.7926
     204       7.8549
     205       7.7637
     206       7.7480
     207       7.9363
     208       7.7266
     209       7.9105
     210       7.8841
     211       7.7101
     212       7.8191
     213       7.9460
     214       8.0214
     215       7.8671
     216       7.8738
     217       7.6571
     218       7.8563
     219       7.5938
     220       8.0191
     221       7.9012
     222       7.9790
     223       7.7675
     224       7.8673
     225       7.8561
     226       7.6900
     227       7.8415
     228       7.9390
     229       7.7743
     230       7.8841
     231       7.6904
     232       7.9510
     233       7.6194
     234       7.7619
     235       7.8974
     236       7.7240
     237       7.7710
     238       7.7656
     239       7.8704
     240       7.8041
     241       7.7212
     242       7.7004
     243       7.8439
     244       7.7568
     245       7.8403
     246       7.6484
     247       7.7967
     248       7.7943
     249       7.9326
     250       7.9045
     251       8.0287
     252       8.2440
     253       7.7938
     254       8.1911
     255       7.6531
     256       7.6230
     257       7.7395
     258       7.7710
     259       7.6715
     260       7.9527
     261       8.0207
     262       7.8299
     263       7.5641
     264       7.7507
     265       7.7900
     266       7.9163
     267       7.6595
     268       7.9757
     269       7.9342
     270       7.7233
     271       7.7100
     272       7.7679
     273       7.8269
     274       7.9375
     275       7.7570
     276       7.6107
     277       7.9273
     278       8.2124
     279       7.4275
     280       7.8603
     281       7.8108
     282       7.6185
     283       7.7357
     284       7.7662
     285       7.9462
     286       8.0309
     287       7.9497
     288       7.9568
     289       7.5542
     290       7.4967
     291       8.0699
     292       7.6757
     293       7.4918
     294       7.6737
     295       7.9047
     296       7.9243
     297       7.8639
     298       7.8118
     299       7.6101
     300       7.6297
     301       7.5662
     302       7.4520
     303       7.8604
     304       7.7851
     305       7.4921
     306       7.6104
     307       7.5829
     308       7.5795
     309       7.6512
     310       7.9054
     311       7.8970
     312       7.9791
     313       7.6286
     314       7.5004
     315       7.9887
     316       7.8552
     317       8.0412
     318       7.4689
     319       7.5573
     320       7.9399
     321       7.8950
     322       7.8709
     323       7.8878
     324       7.8169
     325       7.7869
     326       7.6615
     327       7.7940
     328       7.7801
     329       7.9628
     330       7.5385
     331       7.6378
     332       7.9204
     333       7.7100
     334       8.0055
     335       7.8131
     336       7.7580
     337       7.9248
     338       7.9860
     339       7.5452
     340       7.7582
     341       7.8015
     342       7.6962
     343       7.8109
     344       7.9986
     345       7.8479
     346       8.0156
     347       7.9249
     348       7.9726
     349       7.9604
     350       7.6426
     351       7.9628
     352       7.6771
     353       7.6330
     354       7.8379
     355       8.1603
     356       7.8951
     357       7.6924
     358       7.9316
     359       7.8355
     360       7.8882
     361       7.5943
     362       7.7857
     363       7.7664
     364       7.6847
     365       7.4573
     366       7.6488
     367       7.7685
     368       7.7708
     369       7.9644
     370       7.8459
     371       7.8211
     372       7.9575
     373       7.8053
     374       7.6267
     375       7.6139
     376       7.6979
     377       7.8103
     378       7.4409
     379       7.6390
     380       7.6880
     381       7.6320
     382       7.5093
     383       7.7079
     384       7.7389
     385       7.8323
     386       8.1452
     387       7.9843
     388       7.5414
     389       8.0247
     390       7.5623
     391       7.6556
     392       7.6627
     393       7.8164
     394       7.7736
     395       7.7416
     396       7.7094
     397       7.7863
     398       7.5418
     399       7.9914
     400       8.0964
     401       7.6862
     402       7.5100
     403       7.6146
     404       7.7815
     405       7.7339
     406       7.6958
     407       7.5944
     408       7.9383
     409       7.8017
     410       7.3338
     411       7.7728
     412       7.8697
     413       7.5890
     414       7.7713
     415       7.6400
     416       8.0242
     417       7.9551
     418       7.9192
     419       7.8536
     420       7.9959
     421       7.9252
     422       7.6305
     423       7.6474
     424       7.5959
     425       7.7737
     426       7.8451
     427       7.6728
     428       7.8773
     429       8.0901
     430       7.9084
     431       7.6881
     432       7.7140
     433       7.6665
     434       7.7688
     435       7.8076
     436       7.7248
     437       7.7120
     438       7.8133
     439       7.6062
     440       7.7014
     441       7.9117
     442       7.9323
     443       7.8460
     444       7.5472
     445       7.7668
     446       7.6306
     447       7.7291
     448       7.8197
     449       7.8731
     450       7.8115
     451       7.8784
     452       7.7334
     453       7.6318
     454       8.0879
     455       7.6938
     456       7.6055
     457       7.6711
     458       7.8707
     459       7.6906
     460       7.7613
     461       8.0638
     462       7.8377
     463       7.4359
     464       7.7606
     465       7.8574
     466       7.7568
     467       7.8106
     468       8.0627
     469       7.9984
     470       7.8025
     471       7.6948
     472       7.9360
     473       7.7958
     474       7.7736
     475       7.7225
     476       7.8610
     477       7.8623
     478       7.7985
     479       7.9645
     480       7.7154
     481       7.9194
     482       7.5932
     483       8.1749
     484       7.9400
     485       7.8079
     486       8.0155
     487       7.9489
     488       7.7857
     489       7.8306
     490       7.7594
     491       7.6797
     492       7.8099
     493       7.4841
     494       7.8362
     495       7.9549
     496       7.6613
     497       7.9621
     498       7.9633
     499       7.8845
     500       7.8308
     501       7.8749
     502       8.0663
     503       8.0438
     504       8.1944
     505       8.1526
     506       7.9671
     507       8.2264
     508       7.9930
     509       8.1105
     510       8.2051
     511       7.8331
     512       8.3125
     513       7.9712
     514       7.7577
     515       7.5201
     516       7.8202
     517       7.8186
     518       7.9053
     519       7.9465
     520       7.9387
     521       7.6234
     522       7.0948
     523       7.5464
     524       7.5842
     525       7.9876
     526       7.9808
     527       8.2621
     528       7.6642
     529       7.8340
     530       7.7535
     531       7.6971
     532       7.8129
     533       8.0054
     534       7.5298
     535       8.0214
     536       7.9229
     537       7.5934
     538       7.9827
     539       8.0652
     540       8.2545
     541       8.1341
     542       7.9648
     543       8.1398
     544       7.9604
     545       7.8696
     546       8.0868
     547       7.7060
     548       7.8744
     549       7.9883
     550       7.6250
     551       7.8556
     552       7.7259
     553       7.8390
     554       7.8474
     555       7.7888
     556       8.1296
     557       8.2546
     558       8.3129
     559       7.6875
     560       7.8361
     561       8.0856
     562       7.5948
     563       7.8338
     564       7.5598
     565       8.1456
     566       7.9021
     567       7.8039
     568       7.7330
     569       7.9660
     570       8.1196
     571       7.4820
     572       7.5839
     573       7.9602
     574       8.2617
     575       7.6971
     576       7.3939
     577       8.0044
     578       7.7829
     579       7.6396
     580       8.0627
     581       7.8148
     582       7.8057
     583       7.9309
     584       8.2984
     585       7.3934
     586       7.5917
     587       7.7440
     588       8.0413
     589       7.8779
     590       8.0730
     591       7.9339
     592       7.6532
     593       7.6263
     594       7.6466
     595       7.9223
     596       8.2913
     597       7.9563
     598       7.9785
     599       7.8462
     600       7.6668
     601       8.1418
     602       7.7468
     603       7.7721
     604       7.6768
     605       7.8347
     606       8.1740
     607       7.9185
     608       7.9538
     609       8.1311
     610       7.8733
     611       7.9456
     612       7.8445
     613       8.0317
     614       7.8638
     615       8.0455
     616       8.1626
     617       8.2547
     618       7.8497
     619       7.7763
     620       7.9344
     621       7.5162
     622       7.7651
     623       8.5335
     624       8.0128
     625       7.7305
     626       7.8166
     627       8.2457
     628       7.8267
     629       7.8704
     630       8.0444
     631       7.7315
     632       7.6730
     633       8.1609
     634       7.6996
     635       7.9832
     636       7.5466
     637       7.4452
     638       7.9958
     639       7.9837
     640       7.8710
     641       7.8406
     642       7.9717
     643       7.9397
     644       8.0017
     645       8.1052
     646       7.6783
     647       8.0645
     648       7.8238
     649       7.5452
     650       7.7075
     651       7.8169
     652       7.9032
     653       8.0774
     654       8.3203
     655       7.6575
     656       8.1013
     657       7.9512
     658       8.2194
     659       7.6028
     660       8.1092
     661       7.8677
     662       8.1206
     663       7.8653
     664       7.5443
     665       7.4638
     666       7.4589
     667       8.1083
     668       7.8079
     669       7.8620
     670       8.3014
     671       8.1955
     672       7.8668
     673       8.0695
     674       8.3034
     675       7.9689
     676       7.9705
     677       7.5646
     678       8.1912
     679       7.5933
     680       8.0178
     681       8.0323
     682       7.6529
     683       8.1004
     684       7.7594
     685       8.3755
     686       7.5605
     687       7.8948
     688       7.4522
     689       8.1405
     690       7.8471
     691       7.9826
     692       7.8730
     693       7.6618
     694       8.1029
     695       7.8022
     696       7.7751
     697       7.8199
     698       7.8352
     699       7.8223
     700       7.9093
     701       7.6066
     702       8.1940
     703       8.1440
     704       8.1095
     705       7.8643
     706       8.0125
     707       8.0094
     708       8.0024
     709       7.6028
     710       7.8772
     711       7.5125
     712       7.8387
     713       8.1445
     714       7.8070
     715       7.7499
     716       8.2777
     717       7.9922
     718       7.9050
     719       7.8170
     720       8.0662
     721       7.8050
     722       7.7356
     723       7.5124
     724       8.0077
     725       7.5377
     726       7.8454
     727       7.8789
     728       7.8519
     729       7.4824
     730       7.7910
     731       7.7428
     732       7.8270
     733       7.7940
     734       7.6453
     735       7.9809
     736       7.9429
     737       7.7050
     738       7.8062
     739       7.8213
     740       7.8110
     741       7.8812
     742       7.6831
     743       7.7569
     744       8.0703
     745       8.1085
     746       7.5308
     747       7.8168
     748       8.2207
     749       7.7824
     750       7.5546
     751       8.0014
     752       7.6819
     753       7.9155
     754       8.0024
     755       8.1239
     756       7.6871
     757       7.6844
     758       7.9501
     759       7.8012
     760       8.1030
     761       8.1030
     762       7.9424
     763       8.2450
     764       7.5343
     765       7.5966
     766       7.7075
     767       8.3872
     768       7.9997
     769       7.4751
     770       7.5538
     771       7.8683
     772       7.8718
     773       7.8317
     774       7.6509
     775       8.2689
     776       7.6930
     777       7.4743
     778       7.8451
     779       7.8502
     780       7.4871
     781       8.0670
     782       8.0757
     783       7.6949
     784       7.4497
     785       7.6686
     786       8.0670
     787       7.9656
     788       7.4877
     789       7.7480
     790       7.9382
     791       7.6790
     792       7.9356
     793       8.1780
     794       7.5919
     795       7.7436
     796       7.6503
     797       8.1344
     798       7.8793
     799       7.7309
     800       8.0873
     801       7.2569
     802       7.8591
     803       7.6518
     804       7.5256
     805       7.8492
     806       8.1338
     807       7.5679
     808       7.9263
     809       7.9898
     810       7.6796
     811       8.1364
     812       8.0119
     813       7.9125
     814       7.7564
     815       8.5307
     816       7.9601
     817       8.0393
     818       8.0033
     819       7.9591
     820       7.8271
     821       8.1721
     822       7.9373
     823       7.8579
     824       7.9970
     825       7.5304
     826       7.9267
     827       7.7853
     828       8.0666
     829       8.0272
     830       8.0550
     831       8.1633
     832       8.2371
     833       8.2849
     834       7.9660
     835       7.8896
     836       7.9290
     837       7.4792
     838       8.0164
     839       7.6312
     840       7.6279
     841       7.7854
     842       7.7130
     843       8.0428
     844       7.8475
     845       7.7392
     846       8.1293
     847       7.9571
     848       7.7986
     849       7.6374
     850       7.6711
     851       7.6824
     852       7.8101
     853       8.1425
     854       7.6986
     855       7.6300
     856       7.6884
     857       7.2719
     858       7.5839
     859       8.1554
     860       7.7287
     861       7.4142
     862       7.7259
     863       7.6418
     864       8.0073
     865       7.8425
     866       7.8979
     867       7.5008
     868       7.6702
     869       7.5022
     870       7.8605
     871       7.8336
     872       7.9113
     873       7.4370
     874       8.2105
     875       7.7823
     876       7.7757
     877       8.0604
     878       7.5670
     879       7.8841
     880       7.8651
     881       8.0374
     882       7.7837
     883       7.6736
     884       7.9847
     885       7.7420
     886       7.5978
     887       7.8337
     888       8.1359
     889       7.6067
     890       7.9995
     891       8.0424
     892       8.0133
     893       7.8948
     894       7.6477
     895       8.2081
     896       7.6142
     897       7.8598
     898       7.8105
     899       7.8239
     900       7.8758
     901       7.5842
     902       7.8711
     903       7.8719
     904       7.7066
     905       8.1079
     906       8.1204
     907       7.5354
     908       7.6048
     909       7.8488
     910       7.7077
     911       7.6366
     912       7.8703
     913       7.9105
     914       7.8616
     915       7.6037
     916       7.7202
     917       7.8864
     918       8.0502
     919       7.5037
     920       7.9551
     921       7.2695
     922       7.8660
     923       7.6923
     924       7.7653
     925       7.8868
     926       7.7483
     927       7.8899
     928       7.9216
     929       7.6065
     930       7.7512
     931       7.2982
     932       7.7725
     933       7.8679
     934       8.0512
     935       7.5886
     936       7.4326
     937       8.0641
     938       7.7527
     939       7.6715
     940       7.8198
     941       7.7566
     942       7.4535
     943       7.7450
     944       7.5974
     945       8.0057
     946       7.5006
     947       7.9388
     948       7.3720
     949       7.8614
     950       7.7233
     951       7.6718
     952       7.6978
     953       7.6733
     954       7.6575
     955       7.6520
     956       7.7639
     957       7.8712
     958       7.9061
     959       7.8896
     960       7.6372
     961       8.1431
     962       7.3191
     963       7.3872
     964       7.5941
     965       7.2553
     966       7.9630
     967       7.7930
     968       7.7471
     969       7.9940
     970       7.9864
     971       7.7033
     972       7.8109
     973       7.9118
     974       7.6437
     975       8.1166
     976       7.5864
     977       7.9788
     978       8.0451
     979       8.1368
     980       7.8462
     981       7.9519
     982       7.8282
     983       8.0856
     984       7.7852
     985       7.9966
     986       7.6524
     987       7.6412
     988       7.7299
     989       7.7335
     990       7.8075
     991       7.6000
     992       7.9968
     993       8.1146
     994       7.5523
     995       7.5189
     996       7.9446
     997       7.9575
     998       7.9439
     999       7.8167
    1000       7.9425
    1001       8.2359
    1002       7.5950
    1003       8.3630
    1004       8.0132
    1005       8.0101
    1006       7.6521
    1007       8.0363
    1008       7.3049
    1009       7.2350
    1010       8.0634
    1011       8.0163
    1012       8.0910
    1013       8.0631
    1014       7.9698
    1015       7.6086
    1016       8.1977
    1017       7.7759
    1018       7.7239
    1019       8.3049
    1020       7.9157
    1021       8.0851
    1022       8.0926
    1023       8.2575
    1024       7.7430
    1025       8.0951
    1026       7.7719
    1027       7.8868
    1028       7.9714
    1029       7.9254
    1030       8.3905
    1031       7.7093
    1032       8.2160
    1033       7.6063
    1034       7.5773
    1035       8.1623
    1036       7.6528
    1037       7.8696
    1038       7.9906
    1039       7.9197
    1040       8.0060
    1041       7.5586
    1042       8.2187
    1043       8.1180
    1044       7.7453
    1045       8.0690
    1046       7.4275
    1047       7.9945
    1048       7.7183
    1049       7.8796
    1050       7.8557
    1051       8.0256
    1052       8.0348
    1053       8.0062
    1054       7.7434
    1055       7.5902
    1056       7.9667
    1057       8.1824
    1058       7.5491
    1059       8.0318
    1060       8.0301
    1061       7.7087
    1062       8.0764
    1063       7.6465
    1064       8.1572
    1065       7.9940
    1066       7.4737
    1067       8.1079
    1068       8.2176
    1069       7.7376
    1070       8.2249
    1071       7.9321
    1072       7.3335
    1073       7.7088
    1074       8.2557
    1075       8.1795
    1076       8.0415
    1077       7.7117
    1078       8.1070
    1079       7.7478
    1080       8.0167
    1081       8.5302
    1082       7.6007
    1083       8.2110
    1084       7.7652
    1085       8.0585
    1086       7.6048
    1087       7.6457
    1088       7.6737
    1089       7.8197
    1090       7.8592
    1091       8.2523
    1092       8.1376
    1093       7.9029
    1094       8.0898
    1095       7.8618
    1096       8.0060
    1097       7.9650
    1098       7.6775
    1099       7.4455
    1100       7.8198
    1101       7.8580
    1102       8.1359
    1103       8.2460
    1104       8.2320
    1105       8.2049
    1106       8.0449
    1107       7.6840
    1108       7.7577
    1109       7.8909
    1110       8.1057
    1111       7.6866
    1112       7.9204
    1113       7.7438
    1114       8.2328
    1115       8.0842
    1116       7.9132
    1117       8.0238
    1118       8.0621
    1119       8.1046
    1120       8.0635
    1121       8.7527
    1122       7.5875
    1123       7.9758
    1124       8.3333
    1125       8.0725
    1126       8.0750
    1127       7.7270
    1128       7.6598
    1129       7.7615
    1130       8.1321
    1131       8.0135
    1132       7.9223
    1133       7.4316
    1134       7.5580
    1135       8.0500
    1136       8.1313
    1137       8.0536
    1138       8.0554
    1139       8.1205
    1140       7.7297
    1141       8.0684
    1142       7.7766
    1143       8.0888
    1144       7.7542
    1145       7.8704
    1146       7.7016
    1147       7.9674
    1148       8.1756
    1149       7.9377
    1150       8.0154
    1151       7.7950
    1152       7.5860
    1153       7.9518
    1154       7.9619
    1155       7.8492
    1156       7.8206
    1157       7.9974
    1158       7.9512
    1159       7.7876
    1160       7.8234
    1161       7.6992
    1162       7.9551
    1163       8.1567
    1164       7.2776
    1165       7.9899
    1166       8.1257
    1167       8.4285
    1168       7.8019
    1169       7.5485
    1170       7.8031
    1171       7.1753
    1172       7.8788
    1173       8.0355
    1174       7.5294
    1175       7.3671
    1176       7.8242
    1177       8.3058
    1178       7.5205
    1179       7.9004
    1180       8.2421
    1181       7.4960
    1182       7.8076
    1183       7.9077
    1184       7.9329
    1185       7.3344
    1186       8.1335
    1187       7.9393
    1188       7.9522
    1189       7.8436
    1190       8.2643
    1191       8.1258
    1192       7.7298
    1193       7.9914
    1194       7.9113
    1195       7.2881
    1196       8.0565
    1197       7.8744
    1198       7.9349
    1199       7.9523
    1200       7.2186
    1201       7.3757
    1202       7.3693
    1203       7.3095
    1204       6.8705
    1205       7.2585
    1206       7.7353
    1207       7.9561
    1208       7.9294
    1209       7.7195
    1210       7.3555
    1211       7.4913
    1212       7.2405
    1213       7.2727
    1214       7.6621
    1215       7.3362
    1216       7.1559
    1217       7.3041
    1218       7.2592
    1219       7.5185
    1220       7.4876
    1221       7.1838
    1222       7.2828
    1223       7.3686
    1224       8.1153
    1225       7.7365
    1226       8.2491
    1227       7.4640
    1228       7.3991
    1229       7.7718
    1230       7.5956
    1231       7.8791
    1232       7.7379
    1233       8.1281
    1234       7.6522
    1235       6.9870
    1236       6.9590
    1237       6.9285
    1238       7.2412
    1239       7.4271
    1240       7.7291
    1241       7.6114
    1242       7.5790
    1243       7.3243
    1244       7.1950
    1245       7.8365
    1246       7.6757
    1247       7.6069
    1248       7.5201
    1249       7.4755
    1250       7.4484
    1251       7.7179
    1252       7.4604
    1253       8.8149
    1254       8.2065
    1255       7.2374
    1256       7.3751
    1257       8.0562
    1258       7.3253
    1259       7.2451
    1260       7.7346
    1261       7.6150
    1262       7.9044
    1263       6.9553
    1264       7.1079
    1265       6.6459
    1266       6.7298
    1267       7.0829
    1268       7.1949
    1269       6.9705
    1270       7.3864
    1271       7.0441
    1272       7.3969
    1273       7.8862
    1274       7.7380
    1275       8.2138
    1276       7.4686
    1277       8.0862
    1278       7.8025
    1279       7.9531
    1280       8.1291
    1281       8.0344
    1282       7.6337
    1283       8.3377
    1284       8.0499
    1285       7.8154
    1286       7.8430
    1287       7.6178
    1288       7.9462
    1289       8.2311
    1290       7.5307
    1291       8.3740
    1292       8.2245
    1293       8.0560
    1294       7.4848
    1295       8.0977
    1296       7.7845
    1297       7.6781
    1298       8.0634
    1299       7.8903
    1300       7.6250
    1301       8.2850
    1302       7.5403
    1303       8.4707
    1304       7.5166
    1305       7.7814
    1306       7.4776
    1307       7.4738
    1308       7.7751
    1309       8.2862
    1310       7.8171
    1311       7.9860
    1312       7.9565
    1313       8.0325
    1314       7.1964
    1315       7.5906
    1316       7.9098
    1317       8.0941
    1318       7.2103
    1319       6.7569
    1320       7.5430
    1321       7.9097
    1322       7.9450
    1323       8.1880
    1324       7.6383
    1325       7.5797
    1326       7.7844
    1327       7.5361
    1328       7.1880
    1329       7.2192
    1330       7.5952
    1331       8.0486
    1332       7.6944
    1333       8.0944
    1334       7.7624
    1335       7.6944
    1336       7.8108
    1337       7.7624
    1338       7.7314
    1339       7.7941
    1340       7.5732
    1341       7.6604
    1342       7.1492
    1343       7.5580
    1344       7.5821
    1345       7.2319
    1346       8.1105
    1347       7.5661
    1348       7.0148
    1349       8.3052
    1350       7.9039
    1351       7.4408
    1352       7.5259
    1353       7.4888
    1354       7.6666
    1355       6.9656
    1356       7.5751
    1357       8.1841
    1358       7.7229
    1359       7.6374
    1360       7.5787
    1361       7.5786
    1362       7.9251
    1363       7.4409
    1364       7.4404
    1365       7.9789
    1366       7.8154
    1367       7.6172
    1368       7.6685
    1369       7.0780
    1370       8.2045
    1371       7.7397
    1372       7.7071
    1373       7.4984
    1374       7.4605
    1375       7.9121
    1376       7.4706
    1377       8.5620
    1378       8.2728
    1379       7.6493
    1380       7.8386
    1381       8.3038
    1382       7.8856
    1383       7.9020
    1384       7.0124
    1385       7.0570
    1386       6.9231
    1387       8.2431
    1388       7.4767
    1389       7.5155
    1390       7.0561
    1391       7.0937
    1392       7.5694
    1393       7.9343
    1394       7.3839
    1395       7.5663
    1396       7.8504
    1397       7.6260
    1398       7.4146
    1399       7.7454
    1400       7.5665
