#Frame      BB_to_ref
       2       0.1776
       4       0.1774
       6       0.1772
       8       0.1766
      10       0.1768
      12       0.1771
      14       0.1773
      16       0.1778
      18       0.1776
      20       0.1771
      22       0.1776
      24       0.1776
      26       0.1766
      28       0.1770
      30       0.1770
      32       0.1789
      34       0.1789
      36       0.1772
      38       0.1792
      40       0.1778
      42       0.1782
      44       0.1777
      46       0.1770
      48       0.1787
      50       0.1786
      52       0.1772
      54       0.1786
      56       0.1780
      58       0.1789
      60       0.1781
      62       0.1784
      64       0.1790
      66       0.1769
      68       0.1790
      70       0.1790
      72       0.1773
      74       0.1764
      76       0.1781
      78       0.1766
      80       0.1770
      82       0.1779
      84       0.1773
      86       0.1787
      88       0.1783
      90       0.1789
      92       0.1788
      94       0.1774
      96       0.1784
      98       0.1790
     100       0.1776
     102       0.1784
     104       0.1784
     106       0.1785
     108       0.1784
     110       0.1792
     112       0.1789
     114       0.1782
     116       0.1807
     118       0.1776
     120       0.1774
     122       0.1805
     124       0.1785
     126       0.1801
     128       0.1795
     130       0.1772
     132       0.1778
     134       0.1778
     136       0.1769
     138       0.1791
     140       0.1790
     142       0.1791
     144       0.1774
     146       0.1792
     148       0.1782
     150       0.1783
     152       0.1789
     154       0.1789
     156       0.1793
     158       0.1788
     160       0.1786
     162       0.1801
     164       0.1792
     166       0.1803
     168       0.1787
     170       0.1777
     172       0.1782
     174       0.1789
     176       0.1794
     178       0.1812
     180       0.1789
     182       0.1814
     184       0.1798
     186       0.1781
     188       0.1786
     190       0.1790
     192       0.1797
     194       0.1796
     196       0.1798
     198       0.1796
     200       0.1812
     202       0.1784
     204       0.1808
     206       0.1798
     208       0.1786
     210       0.1802
     212       0.1802
     214       0.1790
     216       0.1771
     218       0.1783
     220       0.1779
     222       0.1787
     224       0.1794
     226       0.1819
     228       0.1795
     230       0.1787
     232       0.1799
     234       0.1781
     236       0.1800
     238       0.1789
     240       0.1776
     242       0.1807
     244       0.1804
     246       0.1785
     248       0.1790
     250       0.1787
     252       0.1788
     254       0.1803
     256       0.1786
     258       0.1806
     260       0.1811
     262       0.1816
     264       0.1785
     266       0.1797
     268       0.1787
     270       0.1796
     272       0.1799
     274       0.1793
     276       0.1793
     278       0.1791
     280       0.1789
     282       0.1787
     284       0.1803
     286       0.1793
     288       0.1814
     290       0.1806
     292       0.1806
     294       0.1810
     296       0.1809
     298       0.1787
     300       0.1796
     302       0.1824
     304       0.1793
     306       0.1789
     308       0.1775
     310       0.1804
     312       0.1817
     314       0.1802
     316       0.1788
     318       0.1799
     320       0.1793
     322       0.1793
     324       0.1808
     326       0.1816
     328       0.1806
     330       0.1768
     332       0.1798
     334       0.1799
     336       0.1796
     338       0.1824
     340       0.1780
     342       0.1781
     344       0.1804
     346       0.1804
     348       0.1804
     350       0.1814
     352       0.1821
     354       0.1807
     356       0.1836
     358       0.1786
     360       0.1818
     362       0.1809
     364       0.1812
     366       0.1835
     368       0.1822
     370       0.1814
     372       0.1803
     374       0.1824
     376       0.1811
     378       0.1823
     380       0.1803
     382       0.1824
     384       0.1804
     386       0.1814
     388       0.1803
     390       0.1808
     392       0.1807
     394       0.1836
     396       0.1824
     398       0.1838
     400       0.1821
     402       0.1805
     404       0.1805
     406       0.1808
     408       0.1828
     410       0.1805
     412       0.1810
     414       0.1800
     416       0.1817
     418       0.1799
     420       0.1823
     422       0.1811
     424       0.1813
     426       0.1802
     428       0.1832
     430       0.1818
     432       0.1825
     434       0.1851
     436       0.1816
     438       0.1825
     440       0.1831
     442       0.1828
     444       0.1804
     446       0.1816
     448       0.1808
     450       0.1802
     452       0.1834
     454       0.1833
     456       0.1819
     458       0.1842
     460       0.1787
     462       0.1813
     464       0.1818
     466       0.1803
     468       0.1827
     470       0.1810
     472       0.1793
     474       0.1799
     476       0.1814
     478       0.1829
     480       0.1836
     482       0.1787
     484       0.1806
     486       0.1820
     488       0.1846
     490       0.1832
     492       0.1826
     494       0.1837
     496       0.1856
     498       0.1818
     500       0.1814
