#Frame      BB_to_ref
       2       0.1886
       4       0.1820
       6       0.1839
       8       0.1858
      10       0.1841
      12       0.1879
      14       0.1834
      16       0.1861
      18       0.1845
      20       0.1819
      22       0.1859
      24       0.1851
      26       0.1862
      28       0.1891
      30       0.1854
      32       0.1865
      34       0.1867
      36       0.1839
      38       0.1862
      40       0.1855
      42       0.1870
      44       0.1873
      46       0.1858
      48       0.1830
      50       0.1859
      52       0.1835
      54       0.1891
      56       0.1874
      58       0.1830
      60       0.1847
      62       0.1826
      64       0.1850
      66       0.1900
      68       0.1883
      70       0.1863
      72       0.1830
      74       0.1881
      76       0.1841
      78       0.1859
      80       0.1875
      82       0.1848
      84       0.1885
      86       0.1884
      88       0.1851
      90       0.1908
      92       0.1882
      94       0.1830
      96       0.1884
      98       0.1888
     100       0.1854
     102       0.1862
     104       0.1852
     106       0.1843
     108       0.1866
     110       0.1840
     112       0.1928
     114       0.1868
     116       0.1858
     118       0.1862
     120       0.1849
     122       0.1913
     124       0.1858
     126       0.1895
     128       0.1868
     130       0.1851
     132       0.1896
     134       0.1878
     136       0.1883
     138       0.1868
     140       0.1885
     142       0.1868
     144       0.1901
     146       0.1846
     148       0.1897
     150       0.1877
     152       0.1848
     154       0.1865
     156       0.1896
     158       0.1894
     160       0.1878
     162       0.1870
     164       0.1922
     166       0.1898
     168       0.1832
     170       0.1900
     172       0.1885
     174       0.1855
     176       0.1855
     178       0.1893
     180       0.1845
     182       0.1866
     184       0.1861
     186       0.1881
     188       0.1830
     190       0.1865
     192       0.1879
     194       0.1902
     196       0.1897
     198       0.1869
     200       0.1906
     202       0.1871
     204       0.1900
     206       0.1882
     208       0.1896
     210       0.1921
     212       0.1846
     214       0.1839
     216       0.1900
     218       0.1880
     220       0.1867
     222       0.1877
     224       0.1883
     226       0.1915
     228       0.1890
     230       0.1880
     232       0.1868
     234       0.1885
     236       0.1897
     238       0.1898
     240       0.1861
     242       0.1904
     244       0.1901
     246       0.1875
     248       0.1920
     250       0.1868
     252       0.1846
     254       0.1869
     256       0.1899
     258       0.1847
     260       0.1880
     262       0.1919
     264       0.1921
     266       0.1846
     268       0.1907
     270       0.1883
     272       0.1869
     274       0.1892
     276       0.1876
     278       0.1875
     280       0.1894
     282       0.1887
     284       0.1883
     286       0.1906
     288       0.1916
     290       0.1879
     292       0.1864
     294       0.1886
     296       0.1913
     298       0.1879
     300       0.1896
     302       0.1922
     304       0.1848
     306       0.1877
     308       0.1906
     310       0.1884
     312       0.1870
     314       0.1927
     316       0.1915
     318       0.1921
     320       0.1932
     322       0.1919
     324       0.1910
     326       0.1884
     328       0.1914
     330       0.1904
     332       0.1914
     334       0.1929
     336       0.1863
     338       0.1933
     340       0.1883
     342       0.1895
     344       0.1953
     346       0.1899
     348       0.1906
     350       0.1885
     352       0.1882
     354       0.1914
     356       0.1885
     358       0.1939
     360       0.1920
     362       0.1889
     364       0.1879
     366       0.1900
     368       0.1917
     370       0.1953
     372       0.1920
     374       0.1918
     376       0.1877
     378       0.1902
     380       0.1902
     382       0.1950
     384       0.1880
     386       0.1948
     388       0.1958
     390       0.1947
     392       0.1936
     394       0.1905
     396       0.1935
     398       0.1918
     400       0.1928
     402       0.1899
     404       0.1910
     406       0.1894
     408       0.1919
     410       0.1913
     412       0.1927
     414       0.1950
     416       0.1931
     418       0.1881
     420       0.1920
     422       0.1888
     424       0.1943
     426       0.1915
     428       0.1890
     430       0.1908
     432       0.1931
     434       0.1942
     436       0.1904
     438       0.1933
     440       0.1939
     442       0.1979
     444       0.1957
     446       0.1961
     448       0.1911
     450       0.1945
     452       0.1952
     454       0.1902
     456       0.1924
     458       0.1944
     460       0.1889
     462       0.1931
     464       0.1930
     466       0.1945
     468       0.1928
     470       0.1904
     472       0.1904
     474       0.1895
     476       0.1943
     478       0.1914
     480       0.1908
     482       0.1898
     484       0.1902
     486       0.1930
     488       0.1942
     490       0.1942
     492       0.1963
     494       0.1930
     496       0.1942
     498       0.1956
     500       0.1812
