#Frame      BB_to_ref
      10       1.8757
      20       1.8139
      30       1.8364
      40       1.9036
      50       1.8958
      60       1.8944
      70       1.9040
      80       1.9937
      90       1.9274
     100       1.9000
     110       1.8404
     120       1.7292
     130       1.9295
     140       1.8138
     150       1.5629
     160       1.6225
     170       1.6234
     180       1.5136
     190       1.6303
     200       1.6528
     210       1.6073
     220       1.6400
     230       1.5378
     240       1.6421
     250       1.6893
     260       1.7013
     270       1.5772
     280       1.5453
     290       1.4843
     300       1.5653
     310       1.7511
     320       1.5889
     330       1.6443
     340       1.6177
     350       1.5938
     360       1.6373
     370       1.7337
     380       1.5709
     390       1.5603
     400       1.5402
     410       1.5920
     420       1.5628
     430       1.6039
     440       1.6329
     450       1.6480
     460       1.6024
     470       1.5297
     480       1.6152
     490       1.5431
     500       1.7328
     510       1.7511
     520       1.6016
     530       1.4813
     540       1.4950
     550       1.3973
     560       1.4466
     570       1.5005
     580       1.4924
     590       1.5410
     600       1.5360
     610       1.4780
     620       1.4679
     630       1.5613
     640       1.5235
     650       1.4745
     660       1.6118
     670       1.6258
     680       1.7140
     690       1.5265
     700       1.5178
     710       1.5081
     720       1.5562
     730       1.6732
     740       1.6084
     750       1.4652
     760       1.5243
     770       1.5490
     780       1.5492
     790       1.5847
     800       1.5482
     810       1.6426
     820       1.6007
     830       1.6035
     840       1.4099
     850       1.3801
     860       1.3905
     870       1.4020
     880       1.4960
     890       1.5296
     900       1.4817
     910       1.3932
     920       1.6017
     930       1.6205
     940       1.7219
     950       1.8243
     960       1.7173
     970       1.7040
     980       1.6070
     990       1.6048
    1000       1.5025
    1010       1.4487
    1020       1.4129
    1030       1.4612
    1040       1.4357
    1050       1.4504
    1060       1.4619
    1070       1.4727
    1080       1.4923
    1090       1.5527
    1100       1.5402
    1110       1.5976
    1120       1.5589
    1130       1.5417
    1140       1.3996
    1150       1.4020
    1160       1.3984
    1170       1.3399
    1180       1.4981
    1190       1.5037
    1200       1.4275
    1210       1.4622
    1220       1.5921
    1230       1.5845
    1240       1.5914
    1250       1.5009
    1260       1.5450
    1270       1.6137
    1280       1.4710
    1290       1.5169
    1300       1.5959
    1310       1.6069
    1320       1.4695
    1330       1.4082
    1340       1.4605
    1350       1.5186
    1360       1.5128
    1370       1.6602
    1380       1.6176
    1390       1.6900
    1400       1.5973
    1410       1.5796
    1420       1.5336
    1430       1.6263
    1440       1.5989
    1450       1.4836
    1460       1.5905
    1470       1.5811
    1480       1.6601
    1490       1.6620
    1500       1.6860
    1510       1.5714
    1520       1.6704
    1530       1.6496
    1540       1.5922
    1550       1.6557
    1560       1.5511
    1570       1.4302
    1580       1.6568
    1590       1.7367
    1600       1.4717
    1610       1.5190
    1620       1.5696
    1630       1.7024
    1640       1.6499
    1650       1.5784
    1660       1.5453
    1670       1.5359
    1680       1.5076
    1690       1.4727
    1700       1.5005
    1710       1.5185
    1720       1.6332
    1730       1.8015
    1740       1.7874
    1750       1.6950
    1760       1.8486
    1770       1.7019
    1780       1.6560
    1790       1.6771
    1800       1.6091
    1810       1.6819
    1820       1.8268
    1830       1.7238
    1840       1.7643
    1850       1.6568
    1860       1.3828
    1870       1.5580
    1880       1.4542
    1890       1.5189
    1900       1.5986
    1910       1.5255
    1920       1.5276
    1930       1.5855
    1940       1.5851
    1950       1.6705
    1960       1.6960
    1970       1.7070
    1980       1.7053
    1990       1.6860
    2000       1.7221
    2010       1.7095
    2020       1.5956
    2030       1.5817
    2040       1.6052
    2050       1.6486
    2060       1.7255
    2070       1.7203
    2080       1.7435
    2090       1.6672
    2100       1.7038
    2110       1.7231
    2120       1.5919
    2130       1.4692
    2140       1.3068
    2150       1.5428
    2160       1.7663
    2170       1.7249
    2180       1.8462
    2190       1.8953
    2200       1.9207
    2210       1.8412
    2220       1.8383
    2230       1.7499
    2240       1.9658
    2250       1.8299
    2260       1.7766
    2270       1.8130
    2280       1.7674
    2290       1.7752
    2300       1.8797
    2310       1.8560
    2320       1.7713
    2330       1.8191
    2340       1.7331
    2350       1.6987
    2360       1.6669
    2370       1.7054
    2380       1.6311
    2390       1.6411
    2400       1.4301
    2410       1.5187
    2420       1.4417
    2430       1.3499
    2440       1.2710
    2450       1.3147
    2460       1.3212
    2470       1.3837
    2480       1.4180
    2490       1.2558
    2500       1.2454
    2510       1.3288
    2520       1.3715
    2530       1.3524
    2540       1.4107
    2550       1.4951
    2560       1.4488
    2570       1.4392
    2580       1.4040
    2590       1.3262
    2600       1.3573
    2610       1.3302
    2620       1.3885
    2630       1.2515
    2640       1.1979
    2650       1.1925
    2660       1.2494
    2670       1.2509
    2680       1.2192
    2690       1.2087
    2700       1.2671
    2710       1.2589
    2720       1.4766
    2730       1.4647
    2740       1.4533
    2750       1.3094
    2760       1.4244
    2770       1.4907
    2780       1.4049
    2790       1.4150
    2800       1.4734
    2810       1.3218
    2820       1.2771
    2830       1.3484
    2840       1.2525
    2850       1.2980
    2860       1.2240
    2870       1.2818
    2880       1.2625
    2890       1.3138
    2900       1.2418
    2910       1.2722
    2920       1.2064
    2930       1.2333
    2940       1.2545
    2950       1.0998
    2960       1.1147
    2970       1.1133
    2980       1.1465
    2990       1.1375
    3000       1.0192
    3010       1.1031
    3020       1.0841
    3030       1.0723
    3040       1.1893
    3050       1.2324
    3060       1.1723
    3070       1.2314
    3080       1.1878
    3090       1.3101
    3100       1.1462
    3110       1.1975
    3120       1.1383
    3130       1.2800
    3140       1.2607
    3150       1.2424
    3160       1.2567
    3170       1.1608
    3180       1.1621
    3190       1.1584
    3200       1.0935
    3210       1.1569
    3220       1.1699
    3230       1.2362
    3240       1.3373
    3250       1.4286
    3260       1.4885
    3270       1.5348
    3280       1.5227
    3290       1.5403
    3300       1.6115
    3310       1.6917
    3320       1.7821
    3330       1.6672
    3340       1.7935
    3350       1.6834
    3360       1.7552
    3370       1.7185
    3380       1.6671
    3390       1.6868
    3400       1.6887
    3410       1.6236
    3420       1.5271
    3430       1.4800
    3440       1.5985
    3450       1.3975
    3460       1.2536
    3470       1.5174
    3480       1.4766
    3490       1.5216
    3500       1.5241
    3510       1.6272
    3520       1.4824
    3530       1.3066
    3540       1.3341
    3550       1.5075
    3560       1.8275
    3570       1.9451
    3580       1.7969
    3590       1.7616
    3600       1.8815
    3610       1.7365
    3620       1.6075
    3630       1.6445
    3640       1.6044
    3650       1.5814
    3660       1.5808
    3670       1.5312
    3680       1.6518
    3690       1.5832
    3700       1.6548
    3710       1.6600
    3720       1.5831
    3730       1.6030
    3740       1.6736
    3750       1.6887
    3760       1.6735
    3770       1.7506
    3780       1.9191
    3790       2.1228
    3800       1.9195
    3810       1.8746
    3820       1.9397
    3830       1.8962
    3840       1.9446
    3850       1.8562
    3860       1.9244
    3870       2.0090
    3880       2.0771
    3890       2.1782
    3900       2.1484
    3910       2.1891
    3920       2.1653
    3930       2.1951
    3940       2.0405
    3950       2.0603
    3960       2.0930
    3970       2.1373
    3980       2.1210
    3990       2.1602
    4000       2.1285
    4010       2.1356
    4020       2.1152
    4030       2.1013
    4040       2.0426
    4050       2.2085
    4060       2.2022
    4070       2.1504
    4080       2.1231
    4090       2.1076
    4100       2.0404
    4110       2.0275
    4120       2.1427
    4130       2.1331
    4140       2.1843
    4150       1.9001
    4160       1.8879
    4170       1.9060
    4180       1.9935
    4190       2.1534
    4200       2.0932
    4210       2.0781
    4220       2.0552
    4230       2.1801
    4240       2.1336
    4250       2.2091
    4260       2.0510
    4270       2.1584
    4280       2.2553
    4290       2.1802
    4300       2.1634
    4310       2.1376
    4320       2.2009
    4330       2.1421
    4340       2.2321
    4350       2.2486
    4360       2.1713
    4370       2.1953
    4380       2.2496
    4390       2.1633
    4400       2.3004
    4410       2.0963
    4420       2.1943
    4430       2.0199
    4440       2.1203
    4450       2.1862
    4460       2.0620
    4470       2.1248
    4480       1.9353
    4490       1.9413
    4500       2.0248
    4510       2.0148
    4520       2.0383
    4530       2.2449
    4540       2.1423
    4550       2.1586
    4560       2.1581
    4570       2.1044
    4580       2.0330
    4590       1.9669
    4600       2.0713
    4610       2.1839
    4620       2.2099
    4630       2.2094
    4640       2.1761
    4650       2.0603
    4660       2.1369
    4670       2.1390
    4680       2.2274
    4690       2.2372
    4700       2.0951
    4710       2.1063
    4720       2.0307
    4730       2.0940
    4740       2.1227
    4750       2.0347
    4760       2.1315
    4770       2.1979
    4780       2.2137
    4790       2.2576
    4800       2.2261
    4810       2.2223
    4820       2.1181
    4830       2.0389
    4840       2.0494
    4850       2.1566
    4860       2.1883
    4870       2.1047
    4880       1.9963
    4890       2.1024
    4900       2.1405
    4910       1.9551
    4920       2.1325
    4930       2.0708
    4940       2.0952
    4950       2.0140
    4960       2.1224
    4970       2.0889
    4980       2.1395
    4990       2.0864
    5000       2.0093
    5010       2.0559
    5020       2.1819
    5030       2.2588
    5040       2.2266
    5050       2.2281
    5060       2.2064
    5070       2.2109
    5080       2.2364
    5090       2.1839
    5100       2.1848
    5110       2.2235
    5120       2.3324
    5130       2.2345
    5140       2.2756
    5150       2.3254
    5160       2.3454
    5170       2.2018
    5180       2.3513
    5190       2.4320
    5200       2.3003
    5210       2.3274
    5220       2.3069
    5230       2.2843
    5240       2.2915
    5250       2.1839
    5260       2.1776
    5270       2.3234
    5280       2.2722
    5290       2.1312
    5300       2.1123
    5310       2.1383
    5320       2.0684
    5330       1.9849
    5340       2.0525
    5350       1.9716
    5360       1.8928
    5370       1.9174
    5380       2.0131
    5390       2.0561
    5400       2.0129
    5410       1.8966
    5420       1.9345
    5430       1.9252
    5440       1.9533
    5450       2.0316
    5460       1.9157
    5470       1.8459
    5480       1.9006
    5490       1.8604
    5500       1.7600
    5510       1.9892
    5520       2.0031
    5530       1.9857
    5540       1.9797
    5550       2.0328
    5560       2.0394
    5570       2.0329
    5580       1.9800
    5590       1.8490
    5600       1.7901
    5610       1.8143
    5620       1.9459
    5630       1.9103
    5640       1.9512
    5650       1.9578
    5660       2.0732
    5670       1.9554
    5680       1.9642
    5690       1.9066
    5700       2.0626
    5710       1.7323
    5720       1.9394
    5730       1.8929
    5740       1.8946
    5750       1.8646
    5760       1.9855
    5770       1.9873
    5780       2.0425
    5790       2.0285
    5800       2.0608
    5810       1.9535
    5820       1.9924
    5830       2.0375
    5840       1.9243
    5850       1.8315
    5860       1.8621
    5870       1.8657
    5880       1.9230
    5890       1.8764
    5900       1.9035
    5910       1.9140
    5920       1.8722
    5930       1.8717
    5940       1.9689
    5950       1.8532
    5960       1.8901
    5970       1.9196
    5980       2.0966
    5990       1.8616
    6000       1.9196
    6010       1.8379
    6020       1.9773
    6030       2.0820
    6040       1.8868
    6050       2.0155
    6060       1.9308
    6070       1.9883
    6080       2.0175
    6090       1.9973
    6100       2.1141
    6110       2.0573
    6120       2.0880
    6130       2.0734
    6140       2.1080
    6150       2.0160
    6160       2.0418
    6170       2.1240
    6180       1.9001
    6190       1.9845
    6200       2.0211
    6210       2.0862
    6220       1.9505
    6230       2.0317
    6240       1.9859
    6250       1.9655
    6260       1.8014
    6270       1.8121
    6280       1.8442
    6290       1.8530
    6300       1.9933
    6310       1.8304
    6320       1.7153
    6330       1.7900
    6340       1.9403
    6350       1.8709
    6360       1.9569
    6370       1.9791
    6380       1.9342
    6390       1.9666
    6400       1.9057
    6410       1.9153
    6420       1.9551
    6430       1.9818
    6440       2.0161
    6450       1.9744
    6460       1.9924
    6470       1.9572
    6480       1.9511
    6490       1.9040
    6500       1.8960
    6510       1.9430
    6520       2.0782
    6530       1.9816
    6540       1.9403
    6550       1.9629
    6560       2.0416
    6570       1.9048
    6580       2.1232
    6590       1.9388
    6600       1.9272
    6610       1.9834
    6620       1.9869
    6630       1.9060
    6640       1.9022
    6650       1.9415
    6660       1.9424
    6670       1.8351
    6680       1.8809
    6690       1.8714
    6700       1.9928
    6710       1.9854
    6720       1.8960
    6730       1.9482
    6740       1.9686
    6750       2.0117
    6760       2.0375
    6770       1.9757
    6780       2.0826
    6790       2.1286
    6800       2.2091
    6810       2.1639
    6820       2.1555
    6830       2.1272
    6840       2.2186
    6850       2.2073
    6860       2.1314
    6870       2.1385
    6880       2.0188
    6890       2.1123
    6900       2.1199
    6910       2.0351
    6920       2.0665
    6930       2.0845
    6940       2.1143
    6950       2.0365
    6960       2.0000
    6970       1.9595
    6980       1.9715
    6990       1.9144
    7000       1.9904
    7010       1.8656
    7020       1.9927
    7030       2.0420
    7040       2.0269
    7050       2.0733
    7060       2.0524
    7070       2.1790
    7080       2.0231
    7090       2.0350
    7100       1.9733
    7110       2.0310
    7120       2.0214
    7130       2.0387
    7140       2.2857
    7150       2.1638
    7160       2.1546
    7170       2.1242
    7180       2.1654
    7190       2.1541
    7200       2.2068
    7210       2.1574
    7220       2.0383
    7230       2.0291
    7240       1.9471
    7250       1.8771
    7260       2.1007
    7270       2.0361
    7280       1.9350
    7290       1.9474
    7300       1.9244
    7310       2.0049
    7320       1.8407
    7330       1.9078
    7340       1.9405
    7350       2.0119
    7360       2.0971
    7370       1.9876
    7380       2.0593
    7390       1.8321
    7400       1.9038
    7410       1.9296
    7420       2.0462
    7430       1.9098
    7440       2.0222
    7450       2.0693
    7460       2.0259
    7470       2.0061
    7480       2.0516
    7490       2.0634
    7500       2.0946
    7510       2.0879
    7520       2.0540
    7530       2.1972
    7540       2.2065
    7550       2.2075
    7560       2.3258
    7570       2.2441
    7580       2.2837
    7590       2.2880
    7600       2.2274
    7610       2.1196
    7620       2.0713
    7630       2.0207
    7640       2.0756
    7650       2.0851
    7660       2.0805
    7670       2.0084
    7680       2.0127
    7690       2.0899
    7700       2.0791
    7710       1.9148
    7720       1.9162
    7730       1.9893
    7740       2.1484
    7750       2.1293
    7760       2.1797
    7770       2.1567
    7780       2.0833
    7790       2.1195
    7800       1.9762
    7810       1.9723
    7820       1.9453
    7830       2.0298
    7840       1.9846
    7850       1.9244
    7860       2.0006
    7870       1.8819
    7880       1.8344
    7890       1.8276
    7900       1.8258
    7910       1.8672
    7920       1.9286
    7930       2.0923
    7940       2.0778
    7950       2.0971
    7960       2.0399
    7970       1.9927
    7980       2.0387
    7990       2.1068
    8000       1.9465
    8010       1.9683
    8020       2.0004
    8030       2.1831
    8040       2.1483
    8050       2.1624
    8060       2.0756
    8070       2.0021
    8080       1.9838
    8090       2.1475
    8100       2.1879
    8110       2.1237
    8120       2.0737
    8130       2.0124
    8140       1.9520
    8150       1.9969
    8160       2.0923
    8170       2.1135
    8180       2.2550
    8190       2.0660
    8200       2.0871
    8210       2.1199
    8220       2.3365
    8230       2.2057
    8240       2.1535
    8250       1.9638
    8260       1.9810
    8270       1.8984
    8280       2.0730
    8290       2.0602
    8300       1.9342
    8310       2.0598
    8320       1.9984
    8330       2.1041
    8340       2.0681
    8350       2.0357
    8360       1.9951
    8370       2.2067
    8380       2.1220
    8390       2.1216
    8400       2.1147
    8410       2.0646
    8420       2.1604
    8430       2.1576
    8440       2.1350
    8450       2.1313
    8460       2.0678
    8470       2.0204
    8480       1.9329
    8490       1.9737
    8500       2.0089
    8510       2.0089
    8520       2.0208
    8530       2.0597
    8540       2.0896
    8550       2.0054
    8560       2.1840
    8570       1.9436
    8580       2.1223
    8590       2.1162
    8600       2.0335
    8610       2.1011
    8620       2.0369
    8630       2.1058
    8640       2.0049
    8650       2.0592
    8660       2.0355
    8670       2.0183
    8680       1.9676
    8690       1.9965
    8700       2.1211
    8710       2.0523
    8720       2.1330
    8730       2.0917
    8740       2.0951
    8750       2.0789
    8760       1.8454
    8770       2.0945
    8780       2.0409
    8790       2.1234
    8800       2.0167
    8810       1.9645
    8820       2.0268
    8830       2.0321
    8840       2.0787
    8850       2.0684
    8860       1.9352
    8870       2.0222
    8880       2.0964
    8890       2.1019
    8900       2.2369
    8910       2.2014
    8920       2.2078
    8930       2.2976
    8940       2.4121
    8950       2.2815
    8960       2.2487
    8970       2.1910
    8980       2.1800
    8990       2.1377
    9000       2.0938
    9010       2.1057
    9020       2.2136
    9030       2.1206
    9040       2.1550
    9050       2.2671
    9060       2.1276
    9070       2.1648
    9080       2.2166
    9090       2.1945
    9100       2.1721
    9110       2.1341
    9120       2.2125
    9130       2.1365
    9140       2.2733
    9150       2.1000
    9160       2.0401
    9170       2.1078
    9180       2.1967
    9190       2.3415
    9200       2.2572
    9210       2.1768
    9220       2.1582
    9230       2.1586
    9240       2.0674
    9250       2.0917
    9260       2.1345
    9270       1.9607
    9280       1.9656
    9290       1.9840
    9300       2.0023
    9310       2.0886
    9320       1.9593
    9330       1.9221
    9340       2.0260
    9350       2.1504
    9360       2.0637
    9370       2.0132
    9380       2.1556
    9390       2.0738
    9400       2.1454
    9410       2.1251
    9420       2.1715
    9430       2.0738
    9440       2.0016
    9450       2.1149
    9460       2.0391
    9470       2.1558
    9480       1.9876
    9490       2.1282
    9500       2.1220
    9510       2.1713
    9520       2.1167
    9530       2.0870
    9540       2.3060
    9550       2.1838
    9560       2.2626
    9570       2.2704
    9580       2.2513
    9590       2.2744
    9600       2.3104
    9610       2.3368
    9620       2.2920
    9630       2.1676
    9640       2.1519
    9650       2.1291
    9660       1.9900
    9670       2.2036
    9680       2.1417
    9690       2.2770
    9700       2.1443
    9710       2.2003
    9720       2.1848
    9730       2.4613
    9740       2.4022
    9750       2.4227
    9760       2.3928
    9770       2.3181
    9780       2.3272
    9790       2.1197
    9800       2.2556
    9810       2.2450
    9820       2.2859
    9830       2.4190
    9840       2.2786
    9850       2.2206
    9860       2.1060
    9870       2.1699
    9880       2.3858
    9890       2.2495
    9900       2.3015
    9910       2.2454
    9920       2.3096
    9930       2.2515
    9940       2.1529
    9950       2.2576
    9960       2.2596
    9970       2.3387
    9980       2.2231
    9990       2.3056
   10000       2.3631
