#Frame      BB_to_ref
       2       0.0005
       4       0.2089
       6       0.2062
       8       0.2183
      10       0.2073
      12       0.2087
      14       0.2081
      16       0.2112
      18       0.2100
      20       0.2100
      22       0.2152
      24       0.2108
      26       0.2079
      28       0.2121
      30       0.2074
      32       0.2160
      34       0.2082
      36       0.2054
      38       0.2128
      40       0.2106
      42       0.2030
      44       0.2032
      46       0.2097
      48       0.2092
      50       0.2065
      52       0.2081
      54       0.2180
      56       0.2029
      58       0.2047
      60       0.2099
      62       0.2143
      64       0.2064
      66       0.2094
      68       0.2092
      70       0.2135
      72       0.2151
      74       0.2139
      76       0.2038
      78       0.2086
      80       0.2136
      82       0.2036
      84       0.2084
      86       0.2134
      88       0.2039
      90       0.2119
      92       0.2137
      94       0.2099
      96       0.2023
      98       0.2080
     100       0.2075
     102       0.2070
     104       0.2107
     106       0.2045
     108       0.2102
     110       0.2094
     112       0.2129
     114       0.2169
     116       0.2014
     118       0.2095
     120       0.2119
     122       0.2117
     124       0.2144
     126       0.2013
     128       0.2093
     130       0.2112
     132       0.2111
     134       0.2141
     136       0.2188
     138       0.2140
     140       0.2141
     142       0.2070
     144       0.2116
     146       0.2057
     148       0.2049
     150       0.2106
     152       0.2122
     154       0.2104
     156       0.2098
     158       0.2115
     160       0.2139
     162       0.2106
     164       0.2052
     166       0.2169
     168       0.2118
     170       0.2129
     172       0.2063
     174       0.2051
     176       0.2015
     178       0.2067
     180       0.2001
     182       0.2159
     184       0.2075
     186       0.2089
     188       0.2079
     190       0.2055
     192       0.2041
     194       0.2187
     196       0.2131
     198       0.2058
     200       0.2088
     202       0.2097
     204       0.2051
     206       0.2136
     208       0.2216
     210       0.2068
     212       0.2034
     214       0.2047
     216       0.2130
     218       0.2160
     220       0.2117
     222       0.2111
     224       0.2104
     226       0.2126
     228       0.2054
     230       0.2098
     232       0.2107
     234       0.2074
     236       0.2048
     238       0.2023
     240       0.2085
     242       0.2096
     244       0.2157
     246       0.2140
     248       0.2104
     250       0.2058
     252       0.2150
     254       0.1989
     256       0.2151
     258       0.2129
     260       0.2170
     262       0.2144
     264       0.2023
     266       0.2075
     268       0.2135
     270       0.2175
     272       0.2043
     274       0.2055
     276       0.2074
     278       0.2075
     280       0.2061
     282       0.2117
     284       0.2146
     286       0.2040
     288       0.2068
     290       0.2143
     292       0.2175
     294       0.2093
     296       0.2062
     298       0.2068
     300       0.2093
     302       0.2095
     304       0.2147
     306       0.2096
     308       0.2152
     310       0.2123
     312       0.2124
     314       0.2129
     316       0.2053
     318       0.2137
     320       0.2203
     322       0.2174
     324       0.2087
     326       0.2155
     328       0.2150
     330       0.2142
     332       0.2078
     334       0.2130
     336       0.2090
     338       0.2128
     340       0.2100
     342       0.2095
     344       0.2037
     346       0.2068
     348       0.2039
     350       0.2173
     352       0.2112
     354       0.2133
     356       0.2135
     358       0.2163
     360       0.2076
     362       0.2093
     364       0.2101
     366       0.2204
     368       0.2072
     370       0.2122
     372       0.2071
     374       0.2083
     376       0.2109
     378       0.2020
     380       0.2124
     382       0.2076
     384       0.2122
     386       0.2089
     388       0.2121
     390       0.2104
     392       0.2055
     394       0.2134
     396       0.2112
     398       0.2112
     400       0.2107
     402       0.2050
     404       0.2129
     406       0.2104
     408       0.2127
     410       0.2133
     412       0.2043
     414       0.2141
     416       0.2072
     418       0.2057
     420       0.2083
     422       0.2033
     424       0.2152
     426       0.2111
     428       0.2118
     430       0.2152
     432       0.2131
     434       0.2104
     436       0.2058
     438       0.2116
     440       0.2130
     442       0.2163
     444       0.2045
     446       0.2041
     448       0.2068
     450       0.2059
     452       0.2070
     454       0.2058
     456       0.2084
     458       0.2107
     460       0.2120
     462       0.1994
     464       0.2056
     466       0.2108
     468       0.2149
     470       0.2017
     472       0.2223
     474       0.2136
     476       0.2078
     478       0.2055
     480       0.2165
     482       0.2020
     484       0.2129
     486       0.2174
     488       0.2069
     490       0.2082
     492       0.2063
     494       0.2139
     496       0.2151
     498       0.2083
     500       0.2158
