#Frame      BB_to_ref
       2       0.2606
       4       0.2572
       6       0.2612
       8       0.2733
      10       0.2642
      12       0.2742
      14       0.2616
      16       0.2612
      18       0.2687
      20       0.2519
      22       0.2609
      24       0.2689
      26       0.2602
      28       0.2766
      30       0.2699
      32       0.2614
      34       0.2736
      36       0.2616
      38       0.2700
      40       0.2749
      42       0.2641
      44       0.2668
      46       0.2759
      48       0.2617
      50       0.2745
      52       0.2612
      54       0.2692
      56       0.2546
      58       0.2714
      60       0.2558
      62       0.2686
      64       0.2650
      66       0.2639
      68       0.2679
      70       0.2715
      72       0.2739
      74       0.2658
      76       0.2732
      78       0.2638
      80       0.2692
      82       0.2632
      84       0.2628
      86       0.2596
      88       0.2596
      90       0.2694
      92       0.2680
      94       0.2589
      96       0.2725
      98       0.2750
     100       0.2663
     102       0.2654
     104       0.2662
     106       0.2685
     108       0.2650
     110       0.2662
     112       0.2639
     114       0.2633
     116       0.2688
     118       0.2743
     120       0.2607
     122       0.2724
     124       0.2710
     126       0.2648
     128       0.2747
     130       0.2748
     132       0.2774
     134       0.2610
     136       0.2704
     138       0.2622
     140       0.2681
     142       0.2593
     144       0.2507
     146       0.2625
     148       0.2567
     150       0.2691
     152       0.2631
     154       0.2595
     156       0.2554
     158       0.2686
     160       0.2664
     162       0.2635
     164       0.2638
     166       0.2734
     168       0.2517
     170       0.2628
     172       0.2622
     174       0.2562
     176       0.2699
     178       0.2557
     180       0.2706
     182       0.2592
     184       0.2631
     186       0.2590
     188       0.2548
     190       0.2655
     192       0.2600
     194       0.2649
     196       0.2593
     198       0.2609
     200       0.2699
     202       0.2703
     204       0.2754
     206       0.2566
     208       0.2694
     210       0.2760
     212       0.2679
     214       0.2658
     216       0.2622
     218       0.2661
     220       0.2689
     222       0.2670
     224       0.2622
     226       0.2772
     228       0.2669
     230       0.2471
     232       0.2656
     234       0.2717
     236       0.2652
     238       0.2503
     240       0.2632
     242       0.2646
     244       0.2615
     246       0.2790
     248       0.2645
     250       0.2777
     252       0.2643
     254       0.2666
     256       0.2621
     258       0.2549
     260       0.2654
     262       0.2646
     264       0.2652
     266       0.2656
     268       0.2690
     270       0.2622
     272       0.2723
     274       0.2586
     276       0.2640
     278       0.2666
     280       0.2529
     282       0.2638
     284       0.2594
     286       0.2635
     288       0.2651
     290       0.2701
     292       0.2672
     294       0.2705
     296       0.2832
     298       0.2750
     300       0.2599
     302       0.2708
     304       0.2676
     306       0.2581
     308       0.2606
     310       0.2658
     312       0.2712
     314       0.2560
     316       0.2726
     318       0.2631
     320       0.2617
     322       0.2628
     324       0.2634
     326       0.2641
     328       0.2629
     330       0.2566
     332       0.2523
     334       0.2568
     336       0.2611
     338       0.2644
     340       0.2677
     342       0.2672
     344       0.2691
     346       0.2691
     348       0.2756
     350       0.2723
     352       0.2708
     354       0.2665
     356       0.2582
     358       0.2709
     360       0.2728
     362       0.2657
     364       0.2726
     366       0.2790
     368       0.2670
     370       0.2644
     372       0.2616
     374       0.2616
     376       0.2631
     378       0.2580
     380       0.2578
     382       0.2609
     384       0.2636
     386       0.2579
     388       0.2762
     390       0.2760
     392       0.2562
     394       0.2671
     396       0.2591
     398       0.2607
     400       0.2649
     402       0.2698
     404       0.2709
     406       0.2556
     408       0.2555
     410       0.2565
     412       0.2745
     414       0.2709
     416       0.2778
     418       0.2650
     420       0.2589
     422       0.2702
     424       0.2789
     426       0.2705
     428       0.2645
     430       0.2572
     432       0.2713
     434       0.2604
     436       0.2526
     438       0.2670
     440       0.2615
     442       0.2669
     444       0.2801
     446       0.2637
     448       0.2548
     450       0.2645
     452       0.2771
     454       0.2823
     456       0.2536
     458       0.2663
     460       0.2670
     462       0.2626
     464       0.2574
     466       0.2738
     468       0.2696
     470       0.2703
     472       0.2691
     474       0.2520
     476       0.2680
     478       0.2598
     480       0.2690
     482       0.2639
     484       0.2693
     486       0.2672
     488       0.2615
     490       0.2649
     492       0.2647
     494       0.2633
     496       0.2613
     498       0.2622
     500       0.2561
