#Frame      RoG_00001 RoG_00001[Max]
       1      17.4370        35.8924
       2      17.4382        35.7441
       3      17.4421        35.6611
       4      17.4391        35.2804
       5      17.4406        35.4026
       6      17.4440        35.5585
       7      17.4352        35.5074
       8      17.4418        35.3170
       9      17.4394        35.5401
      10      17.4435        35.5238
      11      17.4315        35.5127
      12      17.4425        35.5903
      13      17.4430        35.2388
      14      17.4396        35.5064
      15      17.4283        35.3702
      16      17.4436        35.6026
      17      17.4436        35.6963
      18      17.4383        35.4123
      19      17.4361        35.4413
      20      17.4416        35.4964
      21      17.4445        35.6487
      22      17.4352        35.6557
      23      17.4451        35.7342
      24      17.4497        35.4780
      25      17.4425        35.5178
      26      17.4508        35.4301
      27      17.4333        35.6662
      28      17.4426        35.6638
      29      17.4329        35.4945
      30      17.4392        35.6549
      31      17.4503        35.5262
      32      17.4567        35.8649
      33      17.4408        35.7558
      34      17.4412        35.5666
      35      17.4482        35.7153
      36      17.4429        35.3194
      37      17.4412        35.6986
      38      17.4449        35.5363
      39      17.4430        35.6187
      40      17.4451        35.4519
      41      17.4491        35.4187
      42      17.4377        35.5048
      43      17.4486        35.5580
      44      17.4459        35.6012
      45      17.4388        35.3643
      46      17.4402        35.3507
      47      17.4446        35.5364
      48      17.4468        35.5518
      49      17.4419        35.4630
      50      17.4394        35.7697
      51      17.4348        35.4298
      52      17.4424        35.6812
      53      17.4332        35.5095
      54      17.4383        35.5980
      55      17.4391        35.4597
      56      17.4492        35.5777
      57      17.4462        35.3271
      58      17.4503        35.5220
      59      17.4412        35.4769
      60      17.4364        35.6809
      61      17.4415        35.7472
      62      17.4433        35.6837
      63      17.4382        35.5992
      64      17.4477        35.8005
      65      17.4407        35.2924
      66      17.4433        35.5791
      67      17.4453        35.5170
      68      17.4327        35.5841
      69      17.4371        35.6078
      70      17.4365        35.3218
      71      17.4414        35.7643
      72      17.4510        35.7633
      73      17.4397        35.5439
      74      17.4426        35.4628
      75      17.4466        35.7655
      76      17.4501        35.4024
      77      17.4391        35.6108
      78      17.4377        35.6057
      79      17.4387        35.4126
      80      17.4486        35.4952
      81      17.4389        35.5484
      82      17.4389        35.4746
      83      17.4370        35.5810
      84      17.4402        35.8250
      85      17.4522        35.4057
      86      17.4489        35.7559
      87      17.4322        35.2292
      88      17.4469        35.4998
      89      17.4526        35.6492
      90      17.4401        35.5708
      91      17.4505        35.5332
      92      17.4406        35.3886
      93      17.4438        35.8328
      94      17.4460        35.3058
      95      17.4432        35.6874
      96      17.4458        35.4927
      97      17.4392        35.5408
      98      17.4390        35.6229
      99      17.4498        35.4916
     100      17.4433        35.4625
     101      17.4430        35.5596
     102      17.4416        35.6144
     103      17.4464        35.4903
     104      17.4419        35.2865
     105      17.4373        35.4912
     106      17.4480        35.5822
     107      17.4426        35.6524
     108      17.4289        35.5785
     109      17.4538        35.5009
     110      17.4382        35.4075
     111      17.4435        35.6874
     112      17.4405        35.6290
     113      17.4376        35.5150
     114      17.4468        35.5202
     115      17.4378        35.6267
     116      17.4372        35.6438
     117      17.4479        35.6995
     118      17.4423        35.3602
     119      17.4372        35.6330
     120      17.4431        35.6597
     121      17.4461        35.5674
     122      17.4521        35.7239
     123      17.4469        35.6091
     124      17.4271        35.4731
     125      17.4429        35.7104
     126      17.4413        35.3317
     127      17.4382        35.4109
     128      17.4408        35.6202
     129      17.4356        35.5010
     130      17.4503        35.6797
     131      17.4441        35.3847
     132      17.4317        35.6446
     133      17.4452        35.8980
     134      17.4491        35.5994
     135      17.4499        35.7956
     136      17.4498        35.6824
     137      17.4475        35.3967
     138      17.4407        35.5652
     139      17.4395        35.4749
     140      17.4415        35.3951
     141      17.4485        35.5335
     142      17.4457        35.5545
     143      17.4379        35.5642
     144      17.4413        35.5372
     145      17.4367        35.5919
     146      17.4368        35.5633
     147      17.4334        35.6480
     148      17.4347        35.6048
     149      17.4345        35.5768
     150      17.4507        35.7938
     151      17.4471        35.3227
     152      17.4317        35.6521
     153      17.4526        35.6927
     154      17.4473        35.5166
     155      17.4448        35.6295
     156      17.4478        35.9117
     157      17.4403        35.8380
     158      17.4302        35.8031
     159      17.4418        35.6043
     160      17.4421        35.5388
     161      17.4412        35.6140
     162      17.4371        35.7262
     163      17.4322        35.5309
     164      17.4383        35.7204
     165      17.4396        35.6885
     166      17.4475        35.3719
     167      17.4421        35.2342
     168      17.4476        35.3455
     169      17.4457        35.7690
     170      17.4484        35.4663
     171      17.4426        35.6123
     172      17.4384        35.6097
     173      17.4349        35.4551
     174      17.4402        35.5824
     175      17.4360        35.3565
     176      17.4353        35.2708
     177      17.4459        35.5008
     178      17.4454        35.5168
     179      17.4427        35.6387
     180      17.4396        35.3422
     181      17.4464        35.4589
     182      17.4348        35.8271
     183      17.4522        35.5625
     184      17.4423        35.5363
     185      17.4382        35.5796
     186      17.4359        35.5333
     187      17.4474        35.3533
     188      17.4384        35.5205
     189      17.4506        35.5267
     190      17.4460        35.3108
     191      17.4525        35.6772
     192      17.4439        35.8604
     193      17.4429        35.4439
     194      17.4433        35.6943
     195      17.4500        35.5618
     196      17.4472        35.4444
     197      17.4454        35.3278
     198      17.4489        35.4726
     199      17.4473        35.5099
     200      17.4356        35.5432
     201      17.4368        35.4480
     202      17.4418        35.6079
     203      17.4430        35.7284
     204      17.4467        35.7985
     205      17.4460        35.6614
     206      17.4415        35.4317
     207      17.4434        35.4848
     208      17.4459        35.5709
     209      17.4472        35.5494
     210      17.4415        35.7795
     211      17.4428        35.4203
     212      17.4395        35.5120
     213      17.4434        35.5338
     214      17.4450        35.5641
     215      17.4340        35.3049
     216      17.4332        35.5178
     217      17.4345        35.4449
     218      17.4505        35.5308
     219      17.4343        35.8435
     220      17.4368        35.7140
     221      17.4417        35.5884
     222      17.4405        35.7388
     223      17.4415        35.5348
     224      17.4446        35.5937
     225      17.4458        35.7086
     226      17.4551        35.7979
     227      17.4389        35.4649
     228      17.4490        35.7224
     229      17.4501        35.6390
     230      17.4396        35.7582
     231      17.4360        35.7601
     232      17.4392        35.5343
     233      17.4474        35.2885
     234      17.4410        35.6828
     235      17.4429        35.4188
     236      17.4427        35.7025
     237      17.4449        35.3262
     238      17.4427        35.4287
     239      17.4409        35.3764
     240      17.4361        35.5945
     241      17.4500        35.6112
     242      17.4332        35.6056
     243      17.4425        35.6454
     244      17.4384        35.6413
     245      17.4386        35.7462
     246      17.4381        35.4098
     247      17.4502        35.7566
     248      17.4537        35.4868
     249      17.4387        35.6738
     250      17.4383        35.5908
     251      17.4342        35.6592
     252      17.4419        35.6748
     253      17.4352        35.5086
     254      17.4295        35.5089
     255      17.4422        35.7333
     256      17.4290        35.7609
     257      17.4363        35.6894
     258      17.4347        35.8071
     259      17.4264        35.8830
     260      17.4435        35.5064
     261      17.4440        35.4166
     262      17.4528        35.3993
     263      17.4270        35.9410
     264      17.4235        35.5424
     265      17.4496        35.4012
     266      17.4404        35.6345
     267      17.4290        35.4998
     268      17.4297        35.6040
     269      17.4465        35.5906
     270      17.4416        35.2983
     271      17.4308        35.7585
     272      17.4450        35.4766
     273      17.4394        35.7155
     274      17.4293        35.5259
     275      17.4317        35.9355
     276      17.4346        35.4480
     277      17.4294        35.7975
     278      17.4288        35.6052
     279      17.4371        35.8266
     280      17.4377        35.5801
     281      17.4402        35.7511
     282      17.4353        35.5378
     283      17.4301        35.8468
     284      17.4355        35.2208
     285      17.4582        35.6250
     286      17.4373        35.0262
     287      17.4405        35.8929
     288      17.4444        35.4359
     289      17.4330        35.6902
     290      17.4365        35.6644
     291      17.4258        35.6797
     292      17.4352        35.8229
     293      17.4626        35.6812
     294      17.4354        35.7153
     295      17.4333        35.4807
     296      17.4243        35.6720
     297      17.4457        35.7368
     298      17.4472        35.6500
     299      17.4371        35.4970
     300      17.4348        35.5414
     301      17.4319        35.6364
     302      17.4484        35.4845
     303      17.4349        35.5426
     304      17.4398        35.5905
     305      17.4330        35.3616
     306      17.4461        35.2792
     307      17.4452        35.5073
     308      17.4207        35.3880
     309      17.4307        35.5500
     310      17.4374        35.7216
     311      17.4430        35.7224
     312      17.4439        35.4616
     313      17.4369        35.3898
     314      17.4520        35.8099
     315      17.4429        35.4666
     316      17.4334        35.1813
     317      17.4377        35.4959
     318      17.4315        35.5700
     319      17.4389        35.7446
     320      17.4345        35.6176
     321      17.4451        35.4484
     322      17.4435        35.5901
     323      17.4525        35.7657
     324      17.4307        35.7113
     325      17.4487        35.6145
     326      17.4429        35.6571
     327      17.4440        35.4131
     328      17.4223        35.7578
     329      17.4299        35.4774
     330      17.4365        35.7876
     331      17.4383        35.6959
     332      17.4305        35.6637
     333      17.4387        35.5415
     334      17.4531        35.6394
     335      17.4472        35.5060
     336      17.4430        35.4688
     337      17.4414        35.3804
     338      17.4212        35.3567
     339      17.4336        35.2704
     340      17.4261        35.6131
     341      17.4433        35.6925
     342      17.4484        35.5048
     343      17.4375        35.6405
     344      17.4268        35.4802
     345      17.4389        35.6200
     346      17.4326        35.6022
     347      17.4196        35.3538
     348      17.4401        35.8366
     349      17.4512        35.4731
     350      17.4440        35.6594
     351      17.4319        35.5355
     352      17.4454        35.6815
     353      17.4323        35.5427
     354      17.4153        35.2410
     355      17.4361        35.5805
     356      17.4324        35.4865
     357      17.4309        35.7896
     358      17.4237        35.2969
     359      17.4509        35.3671
     360      17.4284        35.3232
     361      17.4258        35.5219
     362      17.4263        35.9718
     363      17.4337        35.5826
     364      17.4439        35.7185
     365      17.4429        35.4593
     366      17.4265        35.2689
     367      17.4279        35.7766
     368      17.4377        35.6978
     369      17.4403        35.4980
     370      17.4500        35.7369
     371      17.4509        35.6511
     372      17.4260        35.3125
     373      17.4300        35.6801
     374      17.4410        35.5254
     375      17.4419        35.8062
     376      17.4339        35.5269
     377      17.4425        36.0674
     378      17.4316        35.7729
     379      17.4331        35.5768
     380      17.4400        35.5755
     381      17.4256        35.8170
     382      17.4296        35.4795
     383      17.4363        35.7435
     384      17.4340        35.3097
     385      17.4335        35.5237
     386      17.4440        35.5691
     387      17.4299        35.7069
     388      17.4376        35.4061
     389      17.4236        35.7543
     390      17.4500        35.3073
     391      17.4396        35.8138
     392      17.4325        35.5162
     393      17.4336        35.4478
     394      17.4457        35.5948
     395      17.4329        35.3910
     396      17.4270        35.1719
     397      17.4403        35.4384
     398      17.4485        35.8036
     399      17.4363        35.4794
     400      17.4354        35.5978
     401      17.4261        35.7435
     402      17.4246        35.7182
     403      17.4287        35.6539
     404      17.4279        35.4072
     405      17.4284        35.5030
     406      17.4397        35.4699
     407      17.4421        36.0912
     408      17.4152        35.0973
     409      17.4362        35.3795
     410      17.4528        35.9364
     411      17.4158        35.6228
     412      17.4463        35.6418
     413      17.4198        35.6964
     414      17.4261        35.4102
     415      17.4422        35.6014
     416      17.4315        35.3720
     417      17.4415        35.8296
     418      17.4351        35.6447
     419      17.4430        36.0006
     420      17.4484        35.8050
     421      17.4390        35.6096
     422      17.4386        35.2894
     423      17.4359        35.4806
     424      17.4310        35.7446
     425      17.4305        35.6821
     426      17.4379        35.5355
     427      17.4366        35.2029
     428      17.4272        35.2829
     429      17.4381        35.6587
     430      17.4302        35.4781
     431      17.4351        35.4308
     432      17.4431        35.4633
     433      17.4305        35.7522
     434      17.4446        35.6872
     435      17.4472        35.7110
     436      17.4211        35.7206
     437      17.4435        35.4158
     438      17.4314        35.7132
     439      17.4463        35.5163
     440      17.4301        35.4929
     441      17.4530        35.5358
     442      17.4403        35.6729
     443      17.4414        35.8926
     444      17.4531        35.6254
     445      17.4288        35.5362
     446      17.4395        35.8615
     447      17.4228        35.4608
     448      17.4311        35.3788
     449      17.4486        35.5243
     450      17.4345        35.5656
     451      17.4413        36.0000
     452      17.4375        35.6386
     453      17.4477        35.8592
     454      17.4351        35.5774
     455      17.4302        35.5540
     456      17.4426        35.2076
     457      17.4249        35.5189
     458      17.4327        35.2298
     459      17.4352        35.8671
     460      17.4369        35.3282
     461      17.4400        35.5440
     462      17.4244        35.7247
     463      17.4400        35.9065
     464      17.4418        35.8784
     465      17.4338        35.7253
     466      17.4395        35.5130
     467      17.4379        35.3967
     468      17.4448        35.5989
     469      17.4585        35.7621
     470      17.4444        35.7984
     471      17.4447        36.1397
     472      17.4394        35.5729
     473      17.4510        35.8691
     474      17.4491        35.5688
     475      17.4420        35.4673
     476      17.4356        35.7423
     477      17.4363        35.6995
     478      17.4386        35.3930
     479      17.4429        35.8513
     480      17.4154        35.5214
     481      17.4337        35.7197
     482      17.4347        35.5793
     483      17.4503        35.5555
     484      17.4313        36.0353
     485      17.4451        35.6408
     486      17.4408        35.6079
     487      17.4414        35.6618
     488      17.4296        35.5367
     489      17.4242        35.4849
     490      17.4412        35.6411
     491      17.4340        35.5050
     492      17.4422        35.7231
     493      17.4499        35.5699
     494      17.4338        35.6904
     495      17.4354        35.4039
     496      17.4199        35.3033
     497      17.4210        36.0182
     498      17.4374        35.5616
     499      17.4364        35.3826
     500      17.4308        35.5537
     501      17.4255        36.3656
     502      17.4055        35.8951
     503      17.4126        35.9196
     504      17.4043        35.7327
     505      17.4317        35.4457
     506      17.4474        36.0572
     507      17.4578        35.7583
     508      17.4524        35.8058
     509      17.4381        35.5279
     510      17.4500        35.5323
     511      17.4684        35.7568
     512      17.4324        35.3042
     513      17.3967        36.0947
     514      17.4390        38.0806
     515      17.4754        37.4655
     516      17.4193        37.3786
     517      17.4123        36.3920
     518      17.4400        36.7948
     519      17.4698        37.7839
     520      17.4336        38.3833
     521      17.4335        36.9522
     522      17.4506        36.8040
     523      17.4671        36.6590
     524      17.4438        36.3507
     525      17.4302        36.2640
     526      17.4415        37.5245
     527      17.3957        37.4663
     528      17.4431        36.4346
     529      17.4231        35.7144
     530      17.4344        36.5363
     531      17.4328        36.2074
     532      17.4456        36.7772
     533      17.4763        36.6300
     534      17.4395        37.3650
     535      17.4468        35.8642
     536      17.4404        37.0740
     537      17.4468        36.7385
     538      17.4499        36.7416
     539      17.4244        36.0001
     540      17.4208        36.4633
     541      17.4322        36.7048
     542      17.4280        37.2662
     543      17.4298        37.5914
     544      17.4086        36.7500
     545      17.4009        37.6803
     546      17.4227        36.3180
     547      17.3848        37.1800
     548      17.3888        35.8437
     549      17.4368        36.4239
     550      17.3910        36.1556
     551      17.4526        36.5614
     552      17.4215        36.7530
     553      17.4171        37.0006
     554      17.4062        36.1043
     555      17.4236        35.6402
     556      17.4489        35.9315
     557      17.4486        35.6586
     558      17.4645        36.1061
     559      17.4392        36.2204
     560      17.4723        36.9747
     561      17.4382        36.2314
     562      17.4425        35.8562
     563      17.4461        35.4969
     564      17.4469        35.6706
     565      17.4224        36.1997
     566      17.4365        35.9005
     567      17.4308        36.7094
     568      17.4326        35.8793
     569      17.4371        36.3621
     570      17.4249        35.1955
     571      17.4636        36.0763
     572      17.4504        35.5275
     573      17.4505        35.9446
     574      17.4631        36.0878
     575      17.4523        35.4044
     576      17.4769        35.8556
     577      17.4715        36.5002
     578      17.4670        36.1048
     579      17.4994        38.2190
     580      17.4616        36.1722
     581      17.4395        36.1537
     582      17.4579        36.2452
     583      17.4540        36.2086
     584      17.4244        37.1233
     585      17.4538        34.9908
     586      17.4478        35.8666
     587      17.4274        36.6749
     588      17.4321        35.4358
     589      17.4310        35.2794
     590      17.4351        36.0084
     591      17.4363        35.7154
     592      17.4443        35.4503
     593      17.4176        35.9202
     594      17.4385        35.8472
     595      17.4329        35.1772
     596      17.3982        35.2489
     597      17.4410        36.7021
     598      17.4359        35.1429
     599      17.4176        35.8900
     600      17.4180        35.8320
     601      17.4358        35.1951
     602      17.4462        35.5227
     603      17.4366        35.0796
     604      17.4352        35.1857
     605      17.4521        36.6735
     606      17.4538        37.1355
     607      17.4324        38.2740
     608      17.4164        37.4931
     609      17.4415        37.7468
     610      17.4507        36.2863
     611      17.4488        36.7454
     612      17.4936        37.5103
     613      17.4733        37.6861
     614      17.4389        38.0312
     615      17.4281        38.0652
     616      17.4352        38.0258
     617      17.4497        38.2872
     618      17.4562        38.7297
     619      17.4559        38.4700
     620      17.4515        38.5810
     621      17.4563        38.3178
     622      17.4500        38.8848
     623      17.4453        38.2214
     624      17.4604        38.0380
     625      17.4340        37.1675
     626      17.4419        37.4063
     627      17.4436        37.8452
     628      17.4521        38.3046
     629      17.4440        38.3011
     630      17.4313        38.1370
     631      17.4543        37.3094
     632      17.4477        37.9516
     633      17.4381        38.0476
     634      17.4360        37.1382
     635      17.4375        37.0397
     636      17.4640        37.8170
     637      17.4336        38.9013
     638      17.4047        38.5046
     639      17.4248        37.4278
     640      17.4670        38.3732
     641      17.4677        38.4457
     642      17.4239        38.6736
     643      17.4260        37.0694
     644      17.4314        36.9372
     645      17.4466        36.5777
     646      17.4381        36.4128
     647      17.4304        37.1393
     648      17.4285        36.4029
     649      17.4199        36.6244
     650      17.4830        35.8017
     651      17.4300        36.2411
     652      17.4067        35.5307
     653      17.4109        36.3462
     654      17.4431        36.7625
     655      17.4703        36.5303
     656      17.4472        36.6088
     657      17.4075        36.8549
     658      17.4642        36.1533
     659      17.4422        36.4344
     660      17.4289        36.1688
     661      17.4095        36.9042
     662      17.4338        36.8083
     663      17.4174        35.5556
     664      17.4213        36.5730
     665      17.4188        36.9809
     666      17.4494        36.0185
     667      17.4308        36.6717
     668      17.4218        35.9877
     669      17.4345        37.0402
     670      17.4404        35.6077
     671      17.4351        35.5535
     672      17.4507        35.8500
     673      17.4159        36.0070
     674      17.4287        36.5406
     675      17.4124        36.3036
     676      17.4183        36.6045
     677      17.4517        36.0299
     678      17.3986        36.4797
     679      17.4034        35.8154
     680      17.3996        35.7081
     681      17.4004        35.2616
     682      17.4079        35.0723
     683      17.4498        36.5224
     684      17.4078        35.5531
     685      17.4324        35.9123
     686      17.3737        35.4941
     687      17.4260        36.3484
     688      17.4045        36.5718
     689      17.4196        36.2873
     690      17.4111        35.9532
     691      17.4510        35.6500
     692      17.4396        35.0466
     693      17.4027        35.2030
     694      17.4523        36.1806
     695      17.3998        35.2260
     696      17.4340        35.2273
     697      17.4533        35.6777
     698      17.4181        35.6047
     699      17.4159        35.3117
     700      17.4475        36.2932
     701      17.4008        35.3492
     702      17.4237        35.2690
     703      17.3896        35.3501
     704      17.3941        36.0647
     705      17.3874        35.9287
     706      17.3937        35.7970
     707      17.4060        35.9722
     708      17.4283        36.5987
     709      17.4230        36.0272
     710      17.4328        35.9600
     711      17.4190        36.2035
     712      17.3897        35.8928
     713      17.4128        36.1461
     714      17.4057        36.4406
     715      17.4052        36.2248
     716      17.4169        35.6288
     717      17.3892        35.7833
     718      17.4428        36.2808
     719      17.3789        36.1531
     720      17.4226        36.3236
     721      17.3955        35.7980
     722      17.3784        36.2419
     723      17.4139        35.6086
     724      17.4035        36.0477
     725      17.3648        36.1776
     726      17.4015        35.8497
     727      17.3918        35.9822
     728      17.3808        35.5230
     729      17.4312        35.6401
     730      17.3974        35.9078
     731      17.4167        36.0411
     732      17.4046        35.7690
     733      17.4297        36.0548
     734      17.4228        36.0346
     735      17.3765        36.7790
     736      17.3835        35.9020
     737      17.3911        36.3552
     738      17.3903        35.9226
     739      17.3897        36.3692
     740      17.4100        36.3830
     741      17.4072        37.0431
     742      17.3854        36.2581
     743      17.3937        36.4632
     744      17.3685        35.9086
     745      17.3885        36.1822
     746      17.3846        35.4415
     747      17.3680        36.3012
     748      17.3881        35.4419
     749      17.3913        35.7435
     750      17.3885        35.9243
     751      17.3745        35.5539
     752      17.3699        35.7753
     753      17.3848        35.8878
     754      17.3761        35.6749
     755      17.3835        36.0189
     756      17.3881        36.0818
     757      17.3821        35.9243
     758      17.3626        36.0053
     759      17.3982        36.1423
     760      17.4074        34.6753
     761      17.4168        35.9493
     762      17.3963        35.9533
     763      17.4108        36.0499
     764      17.3797        35.3060
     765      17.3631        35.7252
     766      17.4164        35.8016
     767      17.4096        35.1944
     768      17.3983        35.6043
     769      17.3788        35.8246
     770      17.4154        35.0629
     771      17.3877        35.3095
     772      17.4146        35.7044
     773      17.3869        35.8543
     774      17.3778        35.6883
     775      17.3736        35.9407
     776      17.3270        35.5439
     777      17.3595        35.6331
     778      17.3545        36.9487
     779      17.3904        36.2576
     780      17.3679        35.7068
     781      17.3947        36.6289
     782      17.4014        36.0346
     783      17.3729        36.2235
     784      17.4085        35.5781
     785      17.3684        36.0669
     786      17.3720        35.9459
     787      17.3715        35.5484
     788      17.3975        36.3290
     789      17.3455        35.5530
     790      17.3686        35.3651
     791      17.3737        35.7430
     792      17.3698        35.8759
     793      17.4144        36.0682
     794      17.3726        35.6239
     795      17.3955        35.8145
     796      17.3953        36.4207
     797      17.4050        36.3286
     798      17.3737        36.0060
     799      17.3861        36.1688
     800      17.4236        36.6948
     801      17.3865        36.5229
     802      17.3809        36.1948
     803      17.4044        35.6916
     804      17.3878        36.0242
     805      17.3729        36.4996
     806      17.3816        36.1741
     807      17.3810        36.1739
     808      17.3816        35.8296
     809      17.4416        36.0192
     810      17.3876        36.0631
     811      17.3827        36.0213
     812      17.4097        35.8712
     813      17.3971        36.0438
     814      17.3963        35.4609
     815      17.3953        35.3402
     816      17.3781        35.8315
     817      17.3993        36.0249
     818      17.4203        36.5998
     819      17.4341        36.2652
     820      17.3764        35.3429
     821      17.3992        35.9938
     822      17.3835        36.6236
     823      17.3986        36.4071
     824      17.3964        36.3098
     825      17.3862        36.4787
     826      17.3923        35.6940
     827      17.3750        35.9952
     828      17.4128        35.7180
     829      17.3622        36.0286
     830      17.4096        36.2131
     831      17.3968        36.5664
     832      17.4103        36.4433
     833      17.4313        36.5556
     834      17.3762        36.1984
     835      17.3781        36.4092
     836      17.4307        35.9963
     837      17.4081        35.9938
     838      17.4090        36.0782
     839      17.4289        35.2866
     840      17.4322        35.2376
     841      17.4063        34.9110
     842      17.4224        35.8987
     843      17.4072        35.5003
     844      17.4098        36.1704
     845      17.4453        35.5849
     846      17.4238        35.8688
     847      17.4187        35.4461
     848      17.4096        35.4818
     849      17.4088        35.7761
     850      17.4058        35.6692
     851      17.4243        35.1767
     852      17.4091        35.5008
     853      17.3870        36.1483
     854      17.4026        35.2647
     855      17.4071        35.5823
     856      17.4064        35.5604
     857      17.4040        35.5160
     858      17.4153        35.6480
     859      17.4098        36.1745
     860      17.3935        36.1854
     861      17.3894        36.5292
     862      17.4115        36.1517
     863      17.4517        36.5597
     864      17.4147        36.6025
     865      17.4317        36.3339
     866      17.4109        35.9180
     867      17.3945        35.1421
     868      17.3942        35.6040
     869      17.3710        36.2395
     870      17.4301        35.8941
     871      17.3808        35.8455
     872      17.4365        36.0949
     873      17.4199        36.2115
     874      17.4291        35.7424
     875      17.4347        35.8753
     876      17.4291        36.3277
     877      17.4145        36.0897
     878      17.4069        35.8950
     879      17.4307        35.6490
     880      17.4625        36.4667
     881      17.4307        36.4544
     882      17.4474        36.0016
     883      17.4038        35.6734
     884      17.3963        35.3995
     885      17.4069        36.1049
     886      17.4330        36.4394
     887      17.4286        36.2658
     888      17.4324        36.4313
     889      17.4076        36.2591
     890      17.4284        36.2857
     891      17.4110        36.4430
     892      17.4095        36.3329
     893      17.3830        35.8514
     894      17.4078        36.0325
     895      17.4139        35.6296
     896      17.4379        36.0718
     897      17.4290        36.3204
     898      17.4258        36.2940
     899      17.3878        35.9949
     900      17.4198        36.5244
     901      17.4080        35.2450
     902      17.4244        36.1041
     903      17.4056        35.9515
     904      17.4156        35.7910
     905      17.4231        35.8626
     906      17.4167        36.5291
     907      17.4249        37.2053
     908      17.4147        36.0420
     909      17.4107        35.8140
     910      17.3896        36.2817
     911      17.4173        36.2219
     912      17.3932        35.7403
     913      17.4144        35.9039
     914      17.3817        36.0297
     915      17.3692        35.8724
     916      17.3891        36.1750
     917      17.4014        36.3609
     918      17.4302        36.4883
     919      17.4127        35.9006
     920      17.3805        35.7453
     921      17.3707        36.1345
     922      17.4016        36.0055
     923      17.3998        35.8071
     924      17.4186        36.2659
     925      17.3987        36.0394
     926      17.3962        35.8489
     927      17.4236        36.1333
     928      17.4082        36.0839
     929      17.4018        35.8753
     930      17.3758        35.2321
     931      17.4059        35.5613
     932      17.4370        36.0570
     933      17.4251        35.6953
     934      17.3978        35.8446
     935      17.4104        36.3709
     936      17.3695        36.0096
     937      17.3998        36.9719
     938      17.4303        36.0020
     939      17.4119        36.7282
     940      17.3884        36.0854
     941      17.3944        35.5208
     942      17.3938        35.5530
     943      17.4076        35.4987
     944      17.3853        35.7851
     945      17.4521        36.3836
     946      17.4147        36.1987
     947      17.4386        36.5120
     948      17.3926        36.7580
     949      17.4211        36.5684
     950      17.3999        36.3473
     951      17.3986        35.9206
     952      17.4102        36.4525
     953      17.4204        36.0534
     954      17.4302        35.8521
     955      17.3913        36.1084
     956      17.4338        36.1633
     957      17.4046        36.1791
     958      17.4335        36.6030
     959      17.3862        36.0372
     960      17.3650        36.4363
     961      17.4281        35.9690
     962      17.4209        35.9251
     963      17.4139        36.2992
     964      17.4118        36.3054
     965      17.4023        36.0993
     966      17.3991        36.1842
     967      17.3966        36.3546
     968      17.4025        35.7799
     969      17.3779        34.9317
     970      17.3939        36.5887
     971      17.4000        35.8283
     972      17.4365        35.9401
     973      17.3948        35.4116
     974      17.4335        36.7070
     975      17.4142        36.4436
     976      17.4424        36.6780
     977      17.3959        35.9923
     978      17.4203        36.3769
     979      17.4322        35.7493
     980      17.4669        37.3314
     981      17.4251        36.5060
     982      17.3979        36.5180
     983      17.4149        37.5419
     984      17.4619        38.1940
     985      17.4292        37.7241
     986      17.4181        38.1224
     987      17.4364        38.3626
     988      17.4480        38.1451
     989      17.4202        38.3732
     990      17.4358        38.2125
     991      17.4207        38.2620
     992      17.4511        38.7414
     993      17.4355        39.4143
     994      17.4681        39.2969
     995      17.4354        39.2266
     996      17.4447        39.3173
     997      17.4425        38.7747
     998      17.4377        38.7548
     999      17.4568        38.6265
    1000      17.4440        37.4526
    1001      17.3945        37.8616
    1002      17.4202        36.9310
    1003      17.4472        36.3988
    1004      17.4209        37.3658
    1005      17.4428        37.8978
    1006      17.4180        37.1800
    1007      17.4363        39.4022
    1008      17.4062        39.6955
    1009      17.4309        38.8351
    1010      17.4167        37.6171
    1011      17.4123        39.3309
    1012      17.4664        38.4082
    1013      17.4481        38.9295
    1014      17.4273        38.3570
    1015      17.4513        38.2876
    1016      17.4748        38.1841
    1017      17.4400        38.0021
    1018      17.4575        38.7275
    1019      17.4598        36.0889
    1020      17.3915        36.3424
    1021      17.3767        36.6188
    1022      17.3729        36.3668
    1023      17.3812        36.1248
    1024      17.3836        35.6895
    1025      17.4127        36.4363
    1026      17.4180        36.1398
    1027      17.4233        36.2076
    1028      17.3860        36.5039
    1029      17.4039        36.3874
    1030      17.3980        36.0745
    1031      17.3795        36.7468
    1032      17.3944        36.8334
    1033      17.3866        36.4451
    1034      17.3692        36.3912
    1035      17.4155        36.3308
    1036      17.4096        35.5751
    1037      17.4193        35.6147
    1038      17.3506        35.4317
    1039      17.3848        36.0920
    1040      17.4315        35.9345
    1041      17.4176        36.5308
    1042      17.4257        36.2182
    1043      17.4457        36.5408
    1044      17.4618        36.2921
    1045      17.3852        36.4425
    1046      17.3776        35.8100
    1047      17.4337        35.6817
    1048      17.4136        35.9637
    1049      17.4373        36.3716
    1050      17.4194        36.6382
    1051      17.3938        35.8978
    1052      17.3978        36.8463
    1053      17.4037        36.5342
    1054      17.3625        36.8259
    1055      17.4094        36.8248
    1056      17.3675        35.9625
    1057      17.4385        36.4706
    1058      17.4576        36.8377
    1059      17.3993        36.2112
    1060      17.3955        36.1965
    1061      17.3979        35.6539
    1062      17.4083        36.1706
    1063      17.4087        35.6942
    1064      17.4139        36.5474
    1065      17.3855        36.3196
    1066      17.4460        35.1490
    1067      17.4703        36.1429
    1068      17.4168        36.7506
    1069      17.4423        37.9574
    1070      17.4366        37.3538
    1071      17.4426        36.9460
    1072      17.4574        38.2475
    1073      17.4222        37.0315
    1074      17.4486        36.7346
    1075      17.4480        37.2802
    1076      17.4233        37.1374
    1077      17.4423        37.1847
    1078      17.4075        37.6925
    1079      17.4964        38.1799
    1080      17.4658        37.8442
    1081      17.4317        36.3247
    1082      17.4001        36.7320
    1083      17.4093        35.8517
    1084      17.4746        37.5938
    1085      17.4094        37.0595
    1086      17.3869        37.1175
    1087      17.4253        36.2614
    1088      17.4169        36.4323
    1089      17.4305        35.9731
    1090      17.4279        37.0352
    1091      17.4613        38.5086
    1092      17.4174        38.1851
    1093      17.4369        37.9401
    1094      17.4139        38.7580
    1095      17.4529        38.8210
    1096      17.4433        38.0565
    1097      17.4095        36.8546
    1098      17.4256        35.5872
    1099      17.4534        35.3054
    1100      17.4442        35.9255
    1101      17.4571        36.2959
    1102      17.4242        37.1746
    1103      17.5035        37.9014
    1104      17.4382        35.4273
    1105      17.4400        36.7414
    1106      17.4070        34.4591
    1107      17.4083        35.5143
    1108      17.4721        36.0935
    1109      17.4365        36.1606
    1110      17.4787        36.4374
    1111      17.3770        35.7313
    1112      17.4470        34.9865
    1113      17.4032        35.4921
    1114      17.4397        35.1339
    1115      17.4210        35.5180
    1116      17.4096        35.4570
    1117      17.4495        35.4752
    1118      17.4288        36.9334
    1119      17.4218        36.7908
    1120      17.4499        35.8978
    1121      17.4161        36.2159
    1122      17.4061        37.6378
    1123      17.4500        36.4693
    1124      17.4498        36.4281
    1125      17.4659        36.7709
    1126      17.4493        36.4591
    1127      17.4166        35.4028
    1128      17.4781        35.8309
    1129      17.4221        36.8081
    1130      17.4291        35.9905
    1131      17.4241        35.4909
    1132      17.4101        35.1557
    1133      17.3971        34.5495
    1134      17.4151        35.3729
    1135      17.4114        35.6334
    1136      17.3968        35.0219
    1137      17.4095        36.1860
    1138      17.4398        35.6323
    1139      17.4203        35.2681
    1140      17.4360        35.4378
    1141      17.4293        36.9421
    1142      17.4776        35.9731
    1143      17.4588        36.7273
    1144      17.4207        36.7740
    1145      17.3985        35.1555
    1146      17.4207        34.8840
    1147      17.3898        36.0659
    1148      17.4192        38.3127
    1149      17.4138        37.7657
    1150      17.4248        36.5787
    1151      17.4191        37.4221
    1152      17.3971        38.6409
    1153      17.3960        38.3644
    1154      17.3494        36.6100
    1155      17.3649        37.4450
    1156      17.3915        36.9487
    1157      17.4068        36.4517
    1158      17.4348        35.9140
    1159      17.4292        36.2182
    1160      17.4051        35.1152
    1161      17.3584        34.4125
    1162      17.4177        35.6813
    1163      17.3890        36.0254
    1164      17.3823        35.9777
    1165      17.3939        35.7221
    1166      17.3772        35.6537
    1167      17.4440        36.4361
    1168      17.4730        36.9198
    1169      17.4116        36.9960
    1170      17.4248        36.1988
    1171      17.4304        36.4864
    1172      17.3967        36.1368
    1173      17.4064        35.9894
    1174      17.3814        35.6283
    1175      17.4009        35.9549
    1176      17.4508        36.1263
    1177      17.4897        36.2002
    1178      17.4652        35.1936
    1179      17.3606        34.3473
    1180      17.4557        35.3799
    1181      17.4415        37.0117
    1182      17.4368        35.9567
    1183      17.4419        36.9348
    1184      17.4538        36.6002
    1185      17.4216        35.7767
    1186      17.4520        36.0889
    1187      17.4613        36.6110
    1188      17.4577        36.4514
    1189      17.4868        36.3936
    1190      17.4883        36.5536
    1191      17.4882        38.1463
    1192      17.4711        38.4957
    1193      17.4552        39.8269
    1194      17.4552        38.7875
    1195      17.4394        38.5721
    1196      17.4798        38.3947
    1197      17.4801        40.2403
    1198      17.4857        40.4720
    1199      17.5079        40.7560
    1200      17.5099        40.8684
    1201      17.3987        39.2167
    1202      17.3970        38.9562
    1203      17.4128        39.8021
    1204      17.4111        38.2263
    1205      17.3808        38.3040
    1206      17.4466        41.2425
    1207      17.4555        42.3876
    1208      17.5187        41.9973
    1209      17.4339        42.3570
    1210      17.5450        42.3309
    1211      17.3764        39.4158
    1212      17.4414        40.7364
    1213      17.5058        41.7606
    1214      17.5051        40.4637
    1215      17.5437        42.4630
    1216      17.4981        39.9754
    1217      17.5681        41.2025
    1218      17.6606        42.3769
    1219      17.5771        42.0127
    1220      17.5188        40.4929
    1221      17.4742        38.3620
    1222      17.4231        38.4886
    1223      17.4266        37.2114
    1224      17.3658        36.5131
    1225      17.3980        35.6071
    1226      17.4334        36.4095
    1227      17.4711        35.5273
    1228      17.4402        37.3794
    1229      17.4705        36.4922
    1230      17.4520        36.4889
    1231      17.3912        37.0670
    1232      17.4518        38.4628
    1233      17.4570        38.6112
    1234      17.4463        38.4034
    1235      17.3963        38.6056
    1236      17.4188        38.9721
    1237      17.4889        39.5712
    1238      17.3807        38.4681
    1239      17.4390        38.4890
    1240      17.4199        37.8024
    1241      17.3916        37.0490
    1242      17.4478        37.3732
    1243      17.5064        37.2314
    1244      17.3550        36.8227
    1245      17.3563        36.0052
    1246      17.4051        35.0392
    1247      17.2287        33.8172
    1248      17.3248        34.4735
    1249      17.3153        35.2523
    1250      17.3574        35.5558
    1251      17.3481        34.4572
    1252      17.3010        34.3244
    1253      17.3422        33.6791
    1254      17.4432        35.0864
    1255      17.3058        32.8483
    1256      17.3179        32.7289
    1257      17.3432        33.6147
    1258      17.3772        32.6629
    1259      17.2237        32.5149
    1260      17.3116        32.9391
    1261      17.3026        31.9824
    1262      17.3186        32.3113
    1263      17.3644        32.9503
    1264      17.4192        35.3873
    1265      17.3876        34.9517
    1266      17.3270        34.1014
    1267      17.3072        33.7114
    1268      17.2544        32.9550
    1269      17.2272        32.5228
    1270      17.2994        33.7942
    1271      17.2787        32.7959
    1272      17.2432        33.5404
    1273      17.3362        33.2573
    1274      17.3328        34.0368
    1275      17.2848        33.4402
    1276      17.2657        32.8538
    1277      17.2954        33.9566
    1278      17.2749        34.9598
    1279      17.2978        33.1895
    1280      17.3303        33.1049
    1281      17.3255        33.5943
    1282      17.3485        34.1081
    1283      17.2898        33.0823
    1284      17.2684        33.5175
    1285      17.2643        32.0803
    1286      17.1538        31.5639
    1287      17.1721        32.4134
    1288      17.1942        31.6155
    1289      17.1954        31.7960
    1290      17.1543        31.1708
    1291      17.1489        30.7184
    1292      17.1469        30.8552
    1293      17.1692        30.3573
    1294      17.1849        30.8283
    1295      17.1229        30.3300
    1296      17.1310        31.1971
    1297      17.1526        30.9019
    1298      17.1452        31.4406
    1299      17.1742        31.1066
    1300      17.1833        31.6113
    1301      17.2108        31.9377
    1302      17.2716        32.5448
    1303      17.1760        31.5227
    1304      17.1933        31.5100
    1305      17.1923        30.3905
    1306      17.1669        30.6214
    1307      17.2050        32.0235
    1308      17.2144        31.4259
    1309      17.1381        29.9890
    1310      17.1273        30.3758
    1311      17.1055        30.6147
    1312      17.1147        30.6920
    1313      17.1690        31.0316
    1314      17.1106        31.0536
    1315      17.1275        30.4565
    1316      17.1320        30.4121
    1317      17.1732        29.7022
    1318      17.1566        29.9327
    1319      17.2165        29.7883
    1320      17.1683        31.2928
    1321      17.2160        30.9137
    1322      17.1422        30.7353
    1323      17.1721        31.3100
    1324      17.1604        30.5422
    1325      17.0735        30.8184
    1326      17.0868        30.0973
    1327      17.1456        31.0330
    1328      17.1458        29.9055
    1329      17.1565        30.8097
    1330      17.1538        30.8230
    1331      17.0856        31.1277
    1332      17.1601        30.9732
    1333      17.1045        30.2118
    1334      17.1385        30.1100
    1335      17.1589        30.5797
    1336      17.1502        30.4973
    1337      17.1864        31.1045
    1338      17.2164        31.4631
    1339      17.1751        31.6102
    1340      17.1412        31.2765
    1341      17.1109        31.4749
    1342      17.1641        32.1439
    1343      17.1908        31.8741
    1344      17.1567        31.5014
    1345      17.1320        31.0736
    1346      17.1660        31.1333
    1347      17.0964        31.0234
    1348      17.1536        31.1796
    1349      17.1436        31.8356
    1350      17.1500        31.2913
    1351      17.1578        31.7276
    1352      17.1949        31.9916
    1353      17.1633        31.5220
    1354      17.0982        31.4286
    1355      17.1281        31.1666
    1356      17.1410        30.3984
    1357      17.1349        31.5758
    1358      17.2151        31.5518
    1359      17.1644        31.3416
    1360      17.1747        30.8222
    1361      17.1264        30.6865
    1362      17.1349        30.6778
    1363      17.1971        32.3335
    1364      17.2230        31.7380
    1365      17.2320        31.8039
    1366      17.2094        31.7424
    1367      17.2466        32.0560
    1368      17.2328        31.8985
    1369      17.1792        31.0715
    1370      17.1815        31.6379
    1371      17.1677        31.7954
    1372      17.1210        31.9934
    1373      17.1533        31.5618
    1374      17.1482        31.3633
    1375      17.1514        31.6196
    1376      17.0927        31.0453
    1377      17.1876        31.4942
    1378      17.0840        31.0616
    1379      17.0783        31.8364
    1380      17.1364        31.9763
    1381      17.1111        31.7532
    1382      17.0985        31.8106
    1383      17.1309        31.4283
    1384      17.1237        31.9250
    1385      17.1852        31.8794
    1386      17.1834        31.4762
    1387      17.1886        30.9454
    1388      17.1397        30.2587
    1389      17.1759        31.1121
    1390      17.1689        32.4731
    1391      17.2451        32.4512
    1392      17.1591        32.2015
    1393      17.2499        32.5097
    1394      17.1738        31.6896
    1395      17.1964        32.4834
    1396      17.2338        32.1312
    1397      17.2090        32.0934
    1398      17.2346        31.1673
    1399      17.1816        30.6095
    1400      17.1952        32.4907
