#Frame         Rg_all  Rg_all[Max]
       2      17.4370      35.8924
       4      17.4382      35.7441
       6      17.4421      35.6611
       8      17.4391      35.2804
      10      17.4406      35.4026
      12      17.4440      35.5585
      14      17.4352      35.5074
      16      17.4418      35.3170
      18      17.4394      35.5401
      20      17.4435      35.5238
      22      17.4315      35.5127
      24      17.4425      35.5903
      26      17.4430      35.2388
      28      17.4396      35.5064
      30      17.4283      35.3702
      32      17.4436      35.6026
      34      17.4436      35.6963
      36      17.4383      35.4123
      38      17.4361      35.4413
      40      17.4416      35.4964
      42      17.4445      35.6487
      44      17.4352      35.6557
      46      17.4451      35.7342
      48      17.4497      35.4780
      50      17.4425      35.5178
      52      17.4508      35.4301
      54      17.4333      35.6662
      56      17.4426      35.6638
      58      17.4329      35.4945
      60      17.4392      35.6549
      62      17.4503      35.5262
      64      17.4567      35.8649
      66      17.4408      35.7558
      68      17.4412      35.5666
      70      17.4482      35.7153
      72      17.4429      35.3194
      74      17.4412      35.6986
      76      17.4449      35.5363
      78      17.4430      35.6187
      80      17.4451      35.4519
      82      17.4491      35.4187
      84      17.4377      35.5048
      86      17.4486      35.5580
      88      17.4459      35.6012
      90      17.4388      35.3643
      92      17.4402      35.3507
      94      17.4446      35.5364
      96      17.4468      35.5518
      98      17.4419      35.4630
     100      17.4394      35.7697
     102      17.4348      35.4298
     104      17.4424      35.6812
     106      17.4332      35.5095
     108      17.4383      35.5980
     110      17.4391      35.4597
     112      17.4492      35.5777
     114      17.4462      35.3271
     116      17.4503      35.5220
     118      17.4412      35.4769
     120      17.4364      35.6809
     122      17.4415      35.7472
     124      17.4433      35.6837
     126      17.4382      35.5992
     128      17.4477      35.8005
     130      17.4407      35.2924
     132      17.4433      35.5791
     134      17.4453      35.5170
     136      17.4327      35.5841
     138      17.4371      35.6078
     140      17.4365      35.3218
     142      17.4414      35.7643
     144      17.4510      35.7633
     146      17.4397      35.5439
     148      17.4426      35.4628
     150      17.4466      35.7655
     152      17.4501      35.4024
     154      17.4391      35.6108
     156      17.4377      35.6057
     158      17.4387      35.4126
     160      17.4486      35.4952
     162      17.4389      35.5484
     164      17.4389      35.4746
     166      17.4370      35.5810
     168      17.4402      35.8250
     170      17.4522      35.4057
     172      17.4489      35.7559
     174      17.4322      35.2292
     176      17.4469      35.4998
     178      17.4526      35.6492
     180      17.4401      35.5708
     182      17.4505      35.5332
     184      17.4406      35.3886
     186      17.4438      35.8328
     188      17.4460      35.3058
     190      17.4432      35.6874
     192      17.4458      35.4927
     194      17.4392      35.5408
     196      17.4390      35.6229
     198      17.4498      35.4916
     200      17.4433      35.4625
     202      17.4430      35.5596
     204      17.4416      35.6144
     206      17.4464      35.4903
     208      17.4419      35.2865
     210      17.4373      35.4912
     212      17.4480      35.5822
     214      17.4426      35.6524
     216      17.4289      35.5785
     218      17.4538      35.5009
     220      17.4382      35.4075
     222      17.4435      35.6874
     224      17.4405      35.6290
     226      17.4376      35.5150
     228      17.4468      35.5202
     230      17.4378      35.6267
     232      17.4372      35.6438
     234      17.4479      35.6995
     236      17.4423      35.3602
     238      17.4372      35.6330
     240      17.4431      35.6597
     242      17.4461      35.5674
     244      17.4521      35.7239
     246      17.4469      35.6091
     248      17.4271      35.4731
     250      17.4429      35.7104
     252      17.4413      35.3317
     254      17.4382      35.4109
     256      17.4408      35.6202
     258      17.4356      35.5010
     260      17.4503      35.6797
     262      17.4441      35.3847
     264      17.4317      35.6446
     266      17.4452      35.8980
     268      17.4491      35.5994
     270      17.4499      35.7956
     272      17.4498      35.6824
     274      17.4475      35.3967
     276      17.4407      35.5652
     278      17.4395      35.4749
     280      17.4415      35.3951
     282      17.4485      35.5335
     284      17.4457      35.5545
     286      17.4379      35.5642
     288      17.4413      35.5372
     290      17.4367      35.5919
     292      17.4368      35.5633
     294      17.4334      35.6480
     296      17.4347      35.6048
     298      17.4345      35.5768
     300      17.4507      35.7938
     302      17.4471      35.3227
     304      17.4317      35.6521
     306      17.4526      35.6927
     308      17.4473      35.5166
     310      17.4448      35.6295
     312      17.4478      35.9117
     314      17.4403      35.8380
     316      17.4302      35.8031
     318      17.4418      35.6043
     320      17.4421      35.5388
     322      17.4412      35.6140
     324      17.4371      35.7262
     326      17.4322      35.5309
     328      17.4383      35.7204
     330      17.4396      35.6885
     332      17.4475      35.3719
     334      17.4421      35.2342
     336      17.4476      35.3455
     338      17.4457      35.7690
     340      17.4484      35.4663
     342      17.4426      35.6123
     344      17.4384      35.6097
     346      17.4349      35.4551
     348      17.4402      35.5824
     350      17.4360      35.3565
     352      17.4353      35.2708
     354      17.4459      35.5008
     356      17.4454      35.5168
     358      17.4427      35.6387
     360      17.4396      35.3422
     362      17.4464      35.4589
     364      17.4348      35.8271
     366      17.4522      35.5625
     368      17.4423      35.5363
     370      17.4382      35.5796
     372      17.4359      35.5333
     374      17.4474      35.3533
     376      17.4384      35.5205
     378      17.4506      35.5267
     380      17.4460      35.3108
     382      17.4525      35.6772
     384      17.4439      35.8604
     386      17.4429      35.4439
     388      17.4433      35.6943
     390      17.4500      35.5618
     392      17.4472      35.4444
     394      17.4454      35.3278
     396      17.4489      35.4726
     398      17.4473      35.5099
     400      17.4356      35.5432
     402      17.4368      35.4480
     404      17.4418      35.6079
     406      17.4430      35.7284
     408      17.4467      35.7985
     410      17.4460      35.6614
     412      17.4415      35.4317
     414      17.4434      35.4848
     416      17.4459      35.5709
     418      17.4472      35.5494
     420      17.4415      35.7795
     422      17.4428      35.4203
     424      17.4395      35.5120
     426      17.4434      35.5338
     428      17.4450      35.5641
     430      17.4340      35.3049
     432      17.4332      35.5178
     434      17.4345      35.4449
     436      17.4505      35.5308
     438      17.4343      35.8435
     440      17.4368      35.7140
     442      17.4417      35.5884
     444      17.4405      35.7388
     446      17.4415      35.5348
     448      17.4446      35.5937
     450      17.4458      35.7086
     452      17.4551      35.7979
     454      17.4389      35.4649
     456      17.4490      35.7224
     458      17.4501      35.6390
     460      17.4396      35.7582
     462      17.4360      35.7601
     464      17.4392      35.5343
     466      17.4474      35.2885
     468      17.4410      35.6828
     470      17.4429      35.4188
     472      17.4427      35.7025
     474      17.4449      35.3262
     476      17.4427      35.4287
     478      17.4409      35.3764
     480      17.4361      35.5945
     482      17.4500      35.6112
     484      17.4332      35.6056
     486      17.4425      35.6454
     488      17.4384      35.6413
     490      17.4386      35.7462
     492      17.4381      35.4098
     494      17.4502      35.7566
     496      17.4537      35.4868
     498      17.4387      35.6738
     500      17.4383      35.5908
     502      17.4342      35.6592
     504      17.4419      35.6748
     506      17.4352      35.5086
     508      17.4295      35.5089
     510      17.4422      35.7333
     512      17.4290      35.7609
     514      17.4363      35.6894
     516      17.4347      35.8071
     518      17.4264      35.8830
     520      17.4435      35.5064
     522      17.4440      35.4166
     524      17.4528      35.3993
     526      17.4270      35.9410
     528      17.4235      35.5424
     530      17.4496      35.4012
     532      17.4404      35.6345
     534      17.4290      35.4998
     536      17.4297      35.6040
     538      17.4465      35.5906
     540      17.4416      35.2983
     542      17.4308      35.7585
     544      17.4450      35.4766
     546      17.4394      35.7155
     548      17.4293      35.5259
     550      17.4317      35.9355
     552      17.4346      35.4480
     554      17.4294      35.7975
     556      17.4288      35.6052
     558      17.4371      35.8266
     560      17.4377      35.5801
     562      17.4402      35.7511
     564      17.4353      35.5378
     566      17.4301      35.8468
     568      17.4355      35.2208
     570      17.4582      35.6250
     572      17.4373      35.0262
     574      17.4405      35.8929
     576      17.4444      35.4359
     578      17.4330      35.6902
     580      17.4365      35.6644
     582      17.4258      35.6797
     584      17.4352      35.8229
     586      17.4626      35.6812
     588      17.4354      35.7153
     590      17.4333      35.4807
     592      17.4243      35.6720
     594      17.4457      35.7368
     596      17.4472      35.6500
     598      17.4371      35.4970
     600      17.4348      35.5414
     602      17.4319      35.6364
     604      17.4484      35.4845
     606      17.4349      35.5426
     608      17.4398      35.5905
     610      17.4330      35.3616
     612      17.4461      35.2792
     614      17.4452      35.5073
     616      17.4207      35.3880
     618      17.4307      35.5500
     620      17.4374      35.7216
     622      17.4430      35.7224
     624      17.4439      35.4616
     626      17.4369      35.3898
     628      17.4520      35.8099
     630      17.4429      35.4666
     632      17.4334      35.1813
     634      17.4377      35.4959
     636      17.4315      35.5700
     638      17.4389      35.7446
     640      17.4345      35.6176
     642      17.4451      35.4484
     644      17.4435      35.5901
     646      17.4525      35.7657
     648      17.4307      35.7113
     650      17.4487      35.6145
     652      17.4429      35.6571
     654      17.4440      35.4131
     656      17.4223      35.7578
     658      17.4299      35.4774
     660      17.4365      35.7876
     662      17.4383      35.6959
     664      17.4305      35.6637
     666      17.4387      35.5415
     668      17.4531      35.6394
     670      17.4472      35.5060
     672      17.4430      35.4688
     674      17.4414      35.3804
     676      17.4212      35.3567
     678      17.4336      35.2704
     680      17.4261      35.6131
     682      17.4433      35.6925
     684      17.4484      35.5048
     686      17.4375      35.6405
     688      17.4268      35.4802
     690      17.4389      35.6200
     692      17.4326      35.6022
     694      17.4196      35.3538
     696      17.4401      35.8366
     698      17.4512      35.4731
     700      17.4440      35.6594
     702      17.4319      35.5355
     704      17.4454      35.6815
     706      17.4323      35.5427
     708      17.4153      35.2410
     710      17.4361      35.5805
     712      17.4324      35.4865
     714      17.4309      35.7896
     716      17.4237      35.2969
     718      17.4509      35.3671
     720      17.4284      35.3232
     722      17.4258      35.5219
     724      17.4263      35.9718
     726      17.4337      35.5826
     728      17.4439      35.7185
     730      17.4429      35.4593
     732      17.4265      35.2689
     734      17.4279      35.7766
     736      17.4377      35.6978
     738      17.4403      35.4980
     740      17.4500      35.7369
     742      17.4509      35.6511
     744      17.4260      35.3125
     746      17.4300      35.6801
     748      17.4410      35.5254
     750      17.4419      35.8062
     752      17.4339      35.5269
     754      17.4425      36.0674
     756      17.4316      35.7729
     758      17.4331      35.5768
     760      17.4400      35.5755
     762      17.4256      35.8170
     764      17.4296      35.4795
     766      17.4363      35.7435
     768      17.4340      35.3097
     770      17.4335      35.5237
     772      17.4440      35.5691
     774      17.4299      35.7069
     776      17.4376      35.4061
     778      17.4236      35.7543
     780      17.4500      35.3073
     782      17.4396      35.8138
     784      17.4325      35.5162
     786      17.4336      35.4478
     788      17.4457      35.5948
     790      17.4329      35.3910
     792      17.4270      35.1719
     794      17.4403      35.4384
     796      17.4485      35.8036
     798      17.4363      35.4794
     800      17.4354      35.5978
     802      17.4261      35.7435
     804      17.4246      35.7182
     806      17.4287      35.6539
     808      17.4279      35.4072
     810      17.4284      35.5030
     812      17.4397      35.4699
     814      17.4421      36.0912
     816      17.4152      35.0973
     818      17.4362      35.3795
     820      17.4528      35.9364
     822      17.4158      35.6228
     824      17.4463      35.6418
     826      17.4198      35.6964
     828      17.4261      35.4102
     830      17.4422      35.6014
     832      17.4315      35.3720
     834      17.4415      35.8296
     836      17.4351      35.6447
     838      17.4430      36.0006
     840      17.4484      35.8050
     842      17.4390      35.6096
     844      17.4386      35.2894
     846      17.4359      35.4806
     848      17.4310      35.7446
     850      17.4305      35.6821
     852      17.4379      35.5355
     854      17.4366      35.2029
     856      17.4272      35.2829
     858      17.4381      35.6587
     860      17.4302      35.4781
     862      17.4351      35.4308
     864      17.4431      35.4633
     866      17.4305      35.7522
     868      17.4446      35.6872
     870      17.4472      35.7110
     872      17.4211      35.7206
     874      17.4435      35.4158
     876      17.4314      35.7132
     878      17.4463      35.5163
     880      17.4301      35.4929
     882      17.4530      35.5358
     884      17.4403      35.6729
     886      17.4414      35.8926
     888      17.4531      35.6254
     890      17.4288      35.5362
     892      17.4395      35.8615
     894      17.4228      35.4608
     896      17.4311      35.3788
     898      17.4486      35.5243
     900      17.4345      35.5656
     902      17.4413      36.0000
     904      17.4375      35.6386
     906      17.4477      35.8592
     908      17.4351      35.5774
     910      17.4302      35.5540
     912      17.4426      35.2076
     914      17.4249      35.5189
     916      17.4327      35.2298
     918      17.4352      35.8671
     920      17.4369      35.3282
     922      17.4400      35.5440
     924      17.4244      35.7247
     926      17.4400      35.9065
     928      17.4418      35.8784
     930      17.4338      35.7253
     932      17.4395      35.5130
     934      17.4379      35.3967
     936      17.4448      35.5989
     938      17.4585      35.7621
     940      17.4444      35.7984
     942      17.4447      36.1397
     944      17.4394      35.5729
     946      17.4510      35.8691
     948      17.4491      35.5688
     950      17.4420      35.4673
     952      17.4356      35.7423
     954      17.4363      35.6995
     956      17.4386      35.3930
     958      17.4429      35.8513
     960      17.4154      35.5214
     962      17.4337      35.7197
     964      17.4347      35.5793
     966      17.4503      35.5555
     968      17.4313      36.0353
     970      17.4451      35.6408
     972      17.4408      35.6079
     974      17.4414      35.6618
     976      17.4296      35.5367
     978      17.4242      35.4849
     980      17.4412      35.6411
     982      17.4340      35.5050
     984      17.4422      35.7231
     986      17.4499      35.5699
     988      17.4338      35.6904
     990      17.4354      35.4039
     992      17.4199      35.3033
     994      17.4210      36.0182
     996      17.4374      35.5616
     998      17.4364      35.3826
    1000      17.4308      35.5537
    1002      17.4255      36.3656
    1004      17.4055      35.8951
    1006      17.4126      35.9196
    1008      17.4043      35.7327
    1010      17.4317      35.4457
    1012      17.4474      36.0572
    1014      17.4578      35.7583
    1016      17.4524      35.8058
    1018      17.4381      35.5279
    1020      17.4500      35.5323
    1022      17.4684      35.7568
    1024      17.4324      35.3042
    1026      17.3967      36.0947
    1028      17.4390      38.0806
    1030      17.4754      37.4655
    1032      17.4193      37.3786
    1034      17.4123      36.3920
    1036      17.4400      36.7948
    1038      17.4698      37.7839
    1040      17.4336      38.3833
    1042      17.4335      36.9522
    1044      17.4506      36.8040
    1046      17.4671      36.6590
    1048      17.4438      36.3507
    1050      17.4302      36.2640
    1052      17.4415      37.5245
    1054      17.3957      37.4663
    1056      17.4431      36.4346
    1058      17.4231      35.7144
    1060      17.4344      36.5363
    1062      17.4328      36.2074
    1064      17.4456      36.7772
    1066      17.4763      36.6300
    1068      17.4395      37.3650
    1070      17.4468      35.8642
    1072      17.4404      37.0740
    1074      17.4468      36.7385
    1076      17.4499      36.7416
    1078      17.4244      36.0001
    1080      17.4208      36.4633
    1082      17.4322      36.7048
    1084      17.4280      37.2662
    1086      17.4298      37.5914
    1088      17.4086      36.7500
    1090      17.4009      37.6803
    1092      17.4227      36.3180
    1094      17.3848      37.1800
    1096      17.3888      35.8437
    1098      17.4368      36.4239
    1100      17.3910      36.1556
    1102      17.4526      36.5614
    1104      17.4215      36.7530
    1106      17.4171      37.0006
    1108      17.4062      36.1043
    1110      17.4236      35.6402
    1112      17.4489      35.9315
    1114      17.4486      35.6586
    1116      17.4645      36.1061
    1118      17.4392      36.2204
    1120      17.4723      36.9747
    1122      17.4382      36.2314
    1124      17.4425      35.8562
    1126      17.4461      35.4969
    1128      17.4469      35.6706
    1130      17.4224      36.1997
    1132      17.4365      35.9005
    1134      17.4308      36.7094
    1136      17.4326      35.8793
    1138      17.4371      36.3621
    1140      17.4249      35.1955
    1142      17.4636      36.0763
    1144      17.4504      35.5275
    1146      17.4505      35.9446
    1148      17.4631      36.0878
    1150      17.4523      35.4044
    1152      17.4769      35.8556
    1154      17.4715      36.5002
    1156      17.4670      36.1048
    1158      17.4994      38.2190
    1160      17.4616      36.1722
    1162      17.4395      36.1537
    1164      17.4579      36.2452
    1166      17.4540      36.2086
    1168      17.4244      37.1233
    1170      17.4538      34.9908
    1172      17.4478      35.8666
    1174      17.4274      36.6749
    1176      17.4321      35.4358
    1178      17.4310      35.2794
    1180      17.4351      36.0084
    1182      17.4363      35.7154
    1184      17.4443      35.4503
    1186      17.4176      35.9202
    1188      17.4385      35.8472
    1190      17.4329      35.1772
    1192      17.3982      35.2489
    1194      17.4410      36.7021
    1196      17.4359      35.1429
    1198      17.4176      35.8900
    1200      17.4180      35.8320
    1202      17.4358      35.1951
    1204      17.4462      35.5227
    1206      17.4366      35.0796
    1208      17.4352      35.1857
    1210      17.4521      36.6735
    1212      17.4538      37.1355
    1214      17.4324      38.2740
    1216      17.4164      37.4931
    1218      17.4415      37.7468
    1220      17.4507      36.2863
    1222      17.4488      36.7454
    1224      17.4936      37.5103
    1226      17.4733      37.6861
    1228      17.4389      38.0312
    1230      17.4281      38.0652
    1232      17.4352      38.0258
    1234      17.4497      38.2872
    1236      17.4562      38.7297
    1238      17.4559      38.4700
    1240      17.4515      38.5810
    1242      17.4563      38.3178
    1244      17.4500      38.8848
    1246      17.4453      38.2214
    1248      17.4604      38.0380
    1250      17.4340      37.1675
    1252      17.4419      37.4063
    1254      17.4436      37.8452
    1256      17.4521      38.3046
    1258      17.4440      38.3011
    1260      17.4313      38.1370
    1262      17.4543      37.3094
    1264      17.4477      37.9516
    1266      17.4381      38.0476
    1268      17.4360      37.1382
    1270      17.4375      37.0397
    1272      17.4640      37.8170
    1274      17.4336      38.9013
    1276      17.4047      38.5046
    1278      17.4248      37.4278
    1280      17.4670      38.3732
    1282      17.4677      38.4457
    1284      17.4239      38.6736
    1286      17.4260      37.0694
    1288      17.4314      36.9372
    1290      17.4466      36.5777
    1292      17.4381      36.4128
    1294      17.4304      37.1393
    1296      17.4285      36.4029
    1298      17.4199      36.6244
    1300      17.4830      35.8017
    1302      17.4300      36.2411
    1304      17.4067      35.5307
    1306      17.4109      36.3462
    1308      17.4431      36.7625
    1310      17.4703      36.5303
    1312      17.4472      36.6088
    1314      17.4075      36.8549
    1316      17.4642      36.1533
    1318      17.4422      36.4344
    1320      17.4289      36.1688
    1322      17.4095      36.9042
    1324      17.4338      36.8083
    1326      17.4174      35.5556
    1328      17.4213      36.5730
    1330      17.4188      36.9809
    1332      17.4494      36.0185
    1334      17.4308      36.6717
    1336      17.4218      35.9877
    1338      17.4345      37.0402
    1340      17.4404      35.6077
    1342      17.4351      35.5535
    1344      17.4507      35.8500
    1346      17.4159      36.0070
    1348      17.4287      36.5406
    1350      17.4124      36.3036
    1352      17.4183      36.6045
    1354      17.4517      36.0299
    1356      17.3986      36.4797
    1358      17.4034      35.8154
    1360      17.3996      35.7081
    1362      17.4004      35.2616
    1364      17.4079      35.0723
    1366      17.4498      36.5224
    1368      17.4078      35.5531
    1370      17.4324      35.9123
    1372      17.3737      35.4941
    1374      17.4260      36.3484
    1376      17.4045      36.5718
    1378      17.4196      36.2873
    1380      17.4111      35.9532
    1382      17.4510      35.6500
    1384      17.4396      35.0466
    1386      17.4027      35.2030
    1388      17.4523      36.1806
    1390      17.3998      35.2260
    1392      17.4340      35.2273
    1394      17.4533      35.6777
    1396      17.4181      35.6047
    1398      17.4159      35.3117
    1400      17.4475      36.2932
    1402      17.4008      35.3492
    1404      17.4237      35.2690
    1406      17.3896      35.3501
    1408      17.3941      36.0647
    1410      17.3874      35.9287
    1412      17.3937      35.7970
    1414      17.4060      35.9722
    1416      17.4283      36.5987
    1418      17.4230      36.0272
    1420      17.4328      35.9600
    1422      17.4190      36.2035
    1424      17.3897      35.8928
    1426      17.4128      36.1461
    1428      17.4057      36.4406
    1430      17.4052      36.2248
    1432      17.4169      35.6288
    1434      17.3892      35.7833
    1436      17.4428      36.2808
    1438      17.3789      36.1531
    1440      17.4226      36.3236
    1442      17.3955      35.7980
    1444      17.3784      36.2419
    1446      17.4139      35.6086
    1448      17.4035      36.0477
    1450      17.3648      36.1776
    1452      17.4015      35.8497
    1454      17.3918      35.9822
    1456      17.3808      35.5230
    1458      17.4312      35.6401
    1460      17.3974      35.9078
    1462      17.4167      36.0411
    1464      17.4046      35.7690
    1466      17.4297      36.0548
    1468      17.4228      36.0346
    1470      17.3765      36.7790
    1472      17.3835      35.9020
    1474      17.3911      36.3552
    1476      17.3903      35.9226
    1478      17.3897      36.3692
    1480      17.4100      36.3830
    1482      17.4072      37.0431
    1484      17.3854      36.2581
    1486      17.3937      36.4632
    1488      17.3685      35.9086
    1490      17.3885      36.1822
    1492      17.3846      35.4415
    1494      17.3680      36.3012
    1496      17.3881      35.4419
    1498      17.3913      35.7435
    1500      17.3885      35.9243
    1502      17.3745      35.5539
    1504      17.3699      35.7753
    1506      17.3848      35.8878
    1508      17.3761      35.6749
    1510      17.3835      36.0189
    1512      17.3881      36.0818
    1514      17.3821      35.9243
    1516      17.3626      36.0053
    1518      17.3982      36.1423
    1520      17.4074      34.6753
    1522      17.4168      35.9493
    1524      17.3963      35.9533
    1526      17.4108      36.0499
    1528      17.3797      35.3060
    1530      17.3631      35.7252
    1532      17.4164      35.8016
    1534      17.4096      35.1944
    1536      17.3983      35.6043
    1538      17.3788      35.8246
    1540      17.4154      35.0629
    1542      17.3877      35.3095
    1544      17.4146      35.7044
    1546      17.3869      35.8543
    1548      17.3778      35.6883
    1550      17.3736      35.9407
    1552      17.3270      35.5439
    1554      17.3595      35.6331
    1556      17.3545      36.9487
    1558      17.3904      36.2576
    1560      17.3679      35.7068
    1562      17.3947      36.6289
    1564      17.4014      36.0346
    1566      17.3729      36.2235
    1568      17.4085      35.5781
    1570      17.3684      36.0669
    1572      17.3720      35.9459
    1574      17.3715      35.5484
    1576      17.3975      36.3290
    1578      17.3455      35.5530
    1580      17.3686      35.3651
    1582      17.3737      35.7430
    1584      17.3698      35.8759
    1586      17.4144      36.0682
    1588      17.3726      35.6239
    1590      17.3955      35.8145
    1592      17.3953      36.4207
    1594      17.4050      36.3286
    1596      17.3737      36.0060
    1598      17.3861      36.1688
    1600      17.4236      36.6948
    1602      17.3865      36.5229
    1604      17.3809      36.1948
    1606      17.4044      35.6916
    1608      17.3878      36.0242
    1610      17.3729      36.4996
    1612      17.3816      36.1741
    1614      17.3810      36.1739
    1616      17.3816      35.8296
    1618      17.4416      36.0192
    1620      17.3876      36.0631
    1622      17.3827      36.0213
    1624      17.4097      35.8712
    1626      17.3971      36.0438
    1628      17.3963      35.4609
    1630      17.3953      35.3402
    1632      17.3781      35.8315
    1634      17.3993      36.0249
    1636      17.4203      36.5998
    1638      17.4341      36.2652
    1640      17.3764      35.3429
    1642      17.3992      35.9938
    1644      17.3835      36.6236
    1646      17.3986      36.4071
    1648      17.3964      36.3098
    1650      17.3862      36.4787
    1652      17.3923      35.6940
    1654      17.3750      35.9952
    1656      17.4128      35.7180
    1658      17.3622      36.0286
    1660      17.4096      36.2131
    1662      17.3968      36.5664
    1664      17.4103      36.4433
    1666      17.4313      36.5556
    1668      17.3762      36.1984
    1670      17.3781      36.4092
    1672      17.4307      35.9963
    1674      17.4081      35.9938
    1676      17.4090      36.0782
    1678      17.4289      35.2866
    1680      17.4322      35.2376
    1682      17.4063      34.9110
    1684      17.4224      35.8987
    1686      17.4072      35.5003
    1688      17.4098      36.1704
    1690      17.4453      35.5849
    1692      17.4238      35.8688
    1694      17.4187      35.4461
    1696      17.4096      35.4818
    1698      17.4088      35.7761
    1700      17.4058      35.6692
    1702      17.4243      35.1767
    1704      17.4091      35.5008
    1706      17.3870      36.1483
    1708      17.4026      35.2647
    1710      17.4071      35.5823
    1712      17.4064      35.5604
    1714      17.4040      35.5160
    1716      17.4153      35.6480
    1718      17.4098      36.1745
    1720      17.3935      36.1854
    1722      17.3894      36.5292
    1724      17.4115      36.1517
    1726      17.4517      36.5597
    1728      17.4147      36.6025
    1730      17.4317      36.3339
    1732      17.4109      35.9180
    1734      17.3945      35.1421
    1736      17.3942      35.6040
    1738      17.3710      36.2395
    1740      17.4301      35.8941
    1742      17.3808      35.8455
    1744      17.4365      36.0949
    1746      17.4199      36.2115
    1748      17.4291      35.7424
    1750      17.4347      35.8753
    1752      17.4291      36.3277
    1754      17.4145      36.0897
    1756      17.4069      35.8950
    1758      17.4307      35.6490
    1760      17.4625      36.4667
    1762      17.4307      36.4544
    1764      17.4474      36.0016
    1766      17.4038      35.6734
    1768      17.3963      35.3995
    1770      17.4069      36.1049
    1772      17.4330      36.4394
    1774      17.4286      36.2658
    1776      17.4324      36.4313
    1778      17.4076      36.2591
    1780      17.4284      36.2857
    1782      17.4110      36.4430
    1784      17.4095      36.3329
    1786      17.3830      35.8514
    1788      17.4078      36.0325
    1790      17.4139      35.6296
    1792      17.4379      36.0718
    1794      17.4290      36.3204
    1796      17.4258      36.2940
    1798      17.3878      35.9949
    1800      17.4198      36.5244
    1802      17.4080      35.2450
    1804      17.4244      36.1041
    1806      17.4056      35.9515
    1808      17.4156      35.7910
    1810      17.4231      35.8626
    1812      17.4167      36.5291
    1814      17.4249      37.2053
    1816      17.4147      36.0420
    1818      17.4107      35.8140
    1820      17.3896      36.2817
    1822      17.4173      36.2219
    1824      17.3932      35.7403
    1826      17.4144      35.9039
    1828      17.3817      36.0297
    1830      17.3692      35.8724
    1832      17.3891      36.1750
    1834      17.4014      36.3609
    1836      17.4302      36.4883
    1838      17.4127      35.9006
    1840      17.3805      35.7453
    1842      17.3707      36.1345
    1844      17.4016      36.0055
    1846      17.3998      35.8071
    1848      17.4186      36.2659
    1850      17.3987      36.0394
    1852      17.3962      35.8489
    1854      17.4236      36.1333
    1856      17.4082      36.0839
    1858      17.4018      35.8753
    1860      17.3758      35.2321
    1862      17.4059      35.5613
    1864      17.4370      36.0570
    1866      17.4251      35.6953
    1868      17.3978      35.8446
    1870      17.4104      36.3709
    1872      17.3695      36.0096
    1874      17.3998      36.9719
    1876      17.4303      36.0020
    1878      17.4119      36.7282
    1880      17.3884      36.0854
    1882      17.3944      35.5208
    1884      17.3938      35.5530
    1886      17.4076      35.4987
    1888      17.3853      35.7851
    1890      17.4521      36.3836
    1892      17.4147      36.1987
    1894      17.4386      36.5120
    1896      17.3926      36.7580
    1898      17.4211      36.5684
    1900      17.3999      36.3473
    1902      17.3986      35.9206
    1904      17.4102      36.4525
    1906      17.4204      36.0534
    1908      17.4302      35.8521
    1910      17.3913      36.1084
    1912      17.4338      36.1633
    1914      17.4046      36.1791
    1916      17.4335      36.6030
    1918      17.3862      36.0372
    1920      17.3650      36.4363
    1922      17.4281      35.9690
    1924      17.4209      35.9251
    1926      17.4139      36.2992
    1928      17.4118      36.3054
    1930      17.4023      36.0993
    1932      17.3991      36.1842
    1934      17.3966      36.3546
    1936      17.4025      35.7799
    1938      17.3779      34.9317
    1940      17.3939      36.5887
    1942      17.4000      35.8283
    1944      17.4365      35.9401
    1946      17.3948      35.4116
    1948      17.4335      36.7070
    1950      17.4142      36.4436
    1952      17.4424      36.6780
    1954      17.3959      35.9923
    1956      17.4203      36.3769
    1958      17.4322      35.7493
    1960      17.4669      37.3314
    1962      17.4251      36.5060
    1964      17.3979      36.5180
    1966      17.4149      37.5419
    1968      17.4619      38.1940
    1970      17.4292      37.7241
    1972      17.4181      38.1224
    1974      17.4364      38.3626
    1976      17.4480      38.1451
    1978      17.4202      38.3732
    1980      17.4358      38.2125
    1982      17.4207      38.2620
    1984      17.4511      38.7414
    1986      17.4355      39.4143
    1988      17.4681      39.2969
    1990      17.4354      39.2266
    1992      17.4447      39.3173
    1994      17.4425      38.7747
    1996      17.4377      38.7548
    1998      17.4568      38.6265
    2000      17.4440      37.4526
    2002      17.3945      37.8616
    2004      17.4202      36.9310
    2006      17.4472      36.3988
    2008      17.4209      37.3658
    2010      17.4428      37.8978
    2012      17.4180      37.1800
    2014      17.4363      39.4022
    2016      17.4062      39.6955
    2018      17.4309      38.8351
    2020      17.4167      37.6171
    2022      17.4123      39.3309
    2024      17.4664      38.4082
    2026      17.4481      38.9295
    2028      17.4273      38.3570
    2030      17.4513      38.2876
    2032      17.4748      38.1841
    2034      17.4400      38.0021
    2036      17.4575      38.7275
    2038      17.4598      36.0889
    2040      17.3915      36.3424
    2042      17.3767      36.6188
    2044      17.3729      36.3668
    2046      17.3812      36.1248
    2048      17.3836      35.6895
    2050      17.4127      36.4363
    2052      17.4180      36.1398
    2054      17.4233      36.2076
    2056      17.3860      36.5039
    2058      17.4039      36.3874
    2060      17.3980      36.0745
    2062      17.3795      36.7468
    2064      17.3944      36.8334
    2066      17.3866      36.4451
    2068      17.3692      36.3912
    2070      17.4155      36.3308
    2072      17.4096      35.5751
    2074      17.4193      35.6147
    2076      17.3506      35.4317
    2078      17.3848      36.0920
    2080      17.4315      35.9345
    2082      17.4176      36.5308
    2084      17.4257      36.2182
    2086      17.4457      36.5408
    2088      17.4618      36.2921
    2090      17.3852      36.4425
    2092      17.3776      35.8100
    2094      17.4337      35.6817
    2096      17.4136      35.9637
    2098      17.4373      36.3716
    2100      17.4194      36.6382
    2102      17.3938      35.8978
    2104      17.3978      36.8463
    2106      17.4037      36.5342
    2108      17.3625      36.8259
    2110      17.4094      36.8248
    2112      17.3675      35.9625
    2114      17.4385      36.4706
    2116      17.4576      36.8377
    2118      17.3993      36.2112
    2120      17.3955      36.1965
    2122      17.3979      35.6539
    2124      17.4083      36.1706
    2126      17.4087      35.6942
    2128      17.4139      36.5474
    2130      17.3855      36.3196
    2132      17.4460      35.1490
    2134      17.4703      36.1429
    2136      17.4168      36.7506
    2138      17.4423      37.9574
    2140      17.4366      37.3538
    2142      17.4426      36.9460
    2144      17.4574      38.2475
    2146      17.4222      37.0315
    2148      17.4486      36.7346
    2150      17.4480      37.2802
    2152      17.4233      37.1374
    2154      17.4423      37.1847
    2156      17.4075      37.6925
    2158      17.4964      38.1799
    2160      17.4658      37.8442
    2162      17.4317      36.3247
    2164      17.4001      36.7320
    2166      17.4093      35.8517
    2168      17.4746      37.5938
    2170      17.4094      37.0595
    2172      17.3869      37.1175
    2174      17.4253      36.2614
    2176      17.4169      36.4323
    2178      17.4305      35.9731
    2180      17.4279      37.0352
    2182      17.4613      38.5086
    2184      17.4174      38.1851
    2186      17.4369      37.9401
    2188      17.4139      38.7580
    2190      17.4529      38.8210
    2192      17.4433      38.0565
    2194      17.4095      36.8546
    2196      17.4256      35.5872
    2198      17.4534      35.3054
    2200      17.4442      35.9255
    2202      17.4571      36.2959
    2204      17.4242      37.1746
    2206      17.5035      37.9014
    2208      17.4382      35.4273
    2210      17.4400      36.7414
    2212      17.4070      34.4591
    2214      17.4083      35.5143
    2216      17.4721      36.0935
    2218      17.4365      36.1606
    2220      17.4787      36.4374
    2222      17.3770      35.7313
    2224      17.4470      34.9865
    2226      17.4032      35.4921
    2228      17.4397      35.1339
    2230      17.4210      35.5180
    2232      17.4096      35.4570
    2234      17.4495      35.4752
    2236      17.4288      36.9334
    2238      17.4218      36.7908
    2240      17.4499      35.8978
    2242      17.4161      36.2159
    2244      17.4061      37.6378
    2246      17.4500      36.4693
    2248      17.4498      36.4281
    2250      17.4659      36.7709
    2252      17.4493      36.4591
    2254      17.4166      35.4028
    2256      17.4781      35.8309
    2258      17.4221      36.8081
    2260      17.4291      35.9905
    2262      17.4241      35.4909
    2264      17.4101      35.1557
    2266      17.3971      34.5495
    2268      17.4151      35.3729
    2270      17.4114      35.6334
    2272      17.3968      35.0219
    2274      17.4095      36.1860
    2276      17.4398      35.6323
    2278      17.4203      35.2681
    2280      17.4360      35.4378
    2282      17.4293      36.9421
    2284      17.4776      35.9731
    2286      17.4588      36.7273
    2288      17.4207      36.7740
    2290      17.3985      35.1555
    2292      17.4207      34.8840
    2294      17.3898      36.0659
    2296      17.4192      38.3127
    2298      17.4138      37.7657
    2300      17.4248      36.5787
    2302      17.4191      37.4221
    2304      17.3971      38.6409
    2306      17.3960      38.3644
    2308      17.3494      36.6100
    2310      17.3649      37.4450
    2312      17.3915      36.9487
    2314      17.4068      36.4517
    2316      17.4348      35.9140
    2318      17.4292      36.2182
    2320      17.4051      35.1152
    2322      17.3584      34.4125
    2324      17.4177      35.6813
    2326      17.3890      36.0254
    2328      17.3823      35.9777
    2330      17.3939      35.7221
    2332      17.3772      35.6537
    2334      17.4440      36.4361
    2336      17.4730      36.9198
    2338      17.4116      36.9960
    2340      17.4248      36.1988
    2342      17.4304      36.4864
    2344      17.3967      36.1368
    2346      17.4064      35.9894
    2348      17.3814      35.6283
    2350      17.4009      35.9549
    2352      17.4508      36.1263
    2354      17.4897      36.2002
    2356      17.4652      35.1936
    2358      17.3606      34.3473
    2360      17.4557      35.3799
    2362      17.4415      37.0117
    2364      17.4368      35.9567
    2366      17.4419      36.9348
    2368      17.4538      36.6002
    2370      17.4216      35.7767
    2372      17.4520      36.0889
    2374      17.4613      36.6110
    2376      17.4577      36.4514
    2378      17.4868      36.3936
    2380      17.4883      36.5536
    2382      17.4882      38.1463
    2384      17.4711      38.4957
    2386      17.4552      39.8269
    2388      17.4552      38.7875
    2390      17.4394      38.5721
    2392      17.4798      38.3947
    2394      17.4801      40.2403
    2396      17.4857      40.4720
    2398      17.5079      40.7560
    2400      17.5099      40.8684
    2402      17.3987      39.2167
    2404      17.3970      38.9562
    2406      17.4128      39.8021
    2408      17.4111      38.2263
    2410      17.3808      38.3040
    2412      17.4466      41.2425
    2414      17.4555      42.3876
    2416      17.5187      41.9973
    2418      17.4339      42.3570
    2420      17.5450      42.3309
    2422      17.3764      39.4158
    2424      17.4414      40.7364
    2426      17.5058      41.7606
    2428      17.5051      40.4637
    2430      17.5437      42.4630
    2432      17.4981      39.9754
    2434      17.5681      41.2025
    2436      17.6606      42.3769
    2438      17.5771      42.0127
    2440      17.5188      40.4929
    2442      17.4742      38.3620
    2444      17.4231      38.4886
    2446      17.4266      37.2114
    2448      17.3658      36.5131
    2450      17.3980      35.6071
    2452      17.4334      36.4095
    2454      17.4711      35.5273
    2456      17.4402      37.3794
    2458      17.4705      36.4922
    2460      17.4520      36.4889
    2462      17.3912      37.0670
    2464      17.4518      38.4628
    2466      17.4570      38.6112
    2468      17.4463      38.4034
    2470      17.3963      38.6056
    2472      17.4188      38.9721
    2474      17.4889      39.5712
    2476      17.3807      38.4681
    2478      17.4390      38.4890
    2480      17.4199      37.8024
    2482      17.3916      37.0490
    2484      17.4478      37.3732
    2486      17.5064      37.2314
    2488      17.3550      36.8227
    2490      17.3563      36.0052
    2492      17.4051      35.0392
    2494      17.2287      33.8172
    2496      17.3248      34.4735
    2498      17.3153      35.2523
    2500      17.3574      35.5558
    2502      17.3481      34.4572
    2504      17.3010      34.3244
    2506      17.3422      33.6791
    2508      17.4432      35.0864
    2510      17.3058      32.8483
    2512      17.3179      32.7289
    2514      17.3432      33.6147
    2516      17.3772      32.6629
    2518      17.2237      32.5149
    2520      17.3116      32.9391
    2522      17.3026      31.9824
    2524      17.3186      32.3113
    2526      17.3644      32.9503
    2528      17.4192      35.3873
    2530      17.3876      34.9517
    2532      17.3270      34.1014
    2534      17.3072      33.7114
    2536      17.2544      32.9550
    2538      17.2272      32.5228
    2540      17.2994      33.7942
    2542      17.2787      32.7959
    2544      17.2432      33.5404
    2546      17.3362      33.2573
    2548      17.3328      34.0368
    2550      17.2848      33.4402
    2552      17.2657      32.8538
    2554      17.2954      33.9566
    2556      17.2749      34.9598
    2558      17.2978      33.1895
    2560      17.3303      33.1049
    2562      17.3255      33.5943
    2564      17.3485      34.1081
    2566      17.2898      33.0823
    2568      17.2684      33.5175
    2570      17.2643      32.0803
    2572      17.1538      31.5639
    2574      17.1721      32.4134
    2576      17.1942      31.6155
    2578      17.1954      31.7960
    2580      17.1543      31.1708
    2582      17.1489      30.7184
    2584      17.1469      30.8552
    2586      17.1692      30.3573
    2588      17.1849      30.8283
    2590      17.1229      30.3300
    2592      17.1310      31.1971
    2594      17.1526      30.9019
    2596      17.1452      31.4406
    2598      17.1742      31.1066
    2600      17.1833      31.6113
    2602      17.2108      31.9377
    2604      17.2716      32.5448
    2606      17.1760      31.5227
    2608      17.1933      31.5100
    2610      17.1923      30.3905
    2612      17.1669      30.6214
    2614      17.2050      32.0235
    2616      17.2144      31.4259
    2618      17.1381      29.9890
    2620      17.1273      30.3758
    2622      17.1055      30.6147
    2624      17.1147      30.6920
    2626      17.1690      31.0316
    2628      17.1106      31.0536
    2630      17.1275      30.4565
    2632      17.1320      30.4121
    2634      17.1732      29.7022
    2636      17.1566      29.9327
    2638      17.2165      29.7883
    2640      17.1683      31.2928
    2642      17.2160      30.9137
    2644      17.1422      30.7353
    2646      17.1721      31.3100
    2648      17.1604      30.5422
    2650      17.0735      30.8184
    2652      17.0868      30.0973
    2654      17.1456      31.0330
    2656      17.1458      29.9055
    2658      17.1565      30.8097
    2660      17.1538      30.8230
    2662      17.0856      31.1277
    2664      17.1601      30.9732
    2666      17.1045      30.2118
    2668      17.1385      30.1100
    2670      17.1589      30.5797
    2672      17.1502      30.4973
    2674      17.1864      31.1045
    2676      17.2164      31.4631
    2678      17.1751      31.6102
    2680      17.1412      31.2765
    2682      17.1109      31.4749
    2684      17.1641      32.1439
    2686      17.1908      31.8741
    2688      17.1567      31.5014
    2690      17.1320      31.0736
    2692      17.1660      31.1333
    2694      17.0964      31.0234
    2696      17.1536      31.1796
    2698      17.1436      31.8356
    2700      17.1500      31.2913
    2702      17.1578      31.7276
    2704      17.1949      31.9916
    2706      17.1633      31.5220
    2708      17.0982      31.4286
    2710      17.1281      31.1666
    2712      17.1410      30.3984
    2714      17.1349      31.5758
    2716      17.2151      31.5518
    2718      17.1644      31.3416
    2720      17.1747      30.8222
    2722      17.1264      30.6865
    2724      17.1349      30.6778
    2726      17.1971      32.3335
    2728      17.2230      31.7380
    2730      17.2320      31.8039
    2732      17.2094      31.7424
    2734      17.2466      32.0560
    2736      17.2328      31.8985
    2738      17.1792      31.0715
    2740      17.1815      31.6379
    2742      17.1677      31.7954
    2744      17.1210      31.9934
    2746      17.1533      31.5618
    2748      17.1482      31.3633
    2750      17.1514      31.6196
    2752      17.0927      31.0453
    2754      17.1876      31.4942
    2756      17.0840      31.0616
    2758      17.0783      31.8364
    2760      17.1364      31.9763
    2762      17.1111      31.7532
    2764      17.0985      31.8106
    2766      17.1309      31.4283
    2768      17.1237      31.9250
    2770      17.1852      31.8794
    2772      17.1834      31.4762
    2774      17.1886      30.9454
    2776      17.1397      30.2587
    2778      17.1759      31.1121
    2780      17.1689      32.4731
    2782      17.2451      32.4512
    2784      17.1591      32.2015
    2786      17.2499      32.5097
    2788      17.1738      31.6896
    2790      17.1964      32.4834
    2792      17.2338      32.1312
    2794      17.2090      32.0934
    2796      17.2346      31.1673
    2798      17.1816      30.6095
    2800      17.1952      32.4907
    2802      17.1658      31.4049
    2804      17.2349      31.1465
    2806      17.2703      32.8387
    2808      17.1420      32.0719
    2810      17.2138      32.6937
    2812      17.1645      31.5391
    2814      17.1441      32.4801
    2816      17.1753      32.3057
    2818      17.2088      32.3046
    2820      17.1887      32.1856
    2822      17.2176      32.4390
    2824      17.2736      32.5387
    2826      17.1805      32.5559
    2828      17.2130      31.8886
    2830      17.2375      33.2079
    2832      17.2197      32.2924
    2834      17.1870      32.2290
    2836      17.2170      32.5644
    2838      17.2121      32.9743
    2840      17.1962      32.4553
    2842      17.1740      32.4245
    2844      17.1646      31.0450
    2846      17.2089      31.6084
    2848      17.1287      31.1261
    2850      17.0811      31.0179
    2852      17.1714      31.0989
    2854      17.1927      32.3868
    2856      17.1924      32.5888
    2858      17.2724      32.3369
    2860      17.1788      31.6893
    2862      17.1673      30.9835
    2864      17.1904      32.1448
    2866      17.1708      31.1871
    2868      17.1297      31.5310
    2870      17.2406      32.1359
    2872      17.2148      31.9922
    2874      17.1514      31.7082
    2876      17.2013      32.3814
    2878      17.2179      31.7340
    2880      17.2534      32.0289
    2882      17.1759      31.9661
    2884      17.2369      31.5815
    2886      17.1657      31.4304
    2888      17.1916      31.7757
    2890      17.1959      31.5996
    2892      17.1797      31.6921
    2894      17.2441      31.9498
    2896      17.2158      32.5187
    2898      17.2441      32.0629
    2900      17.2222      31.9981
    2902      17.1015      31.4092
    2904      17.2397      32.3606
    2906      17.1872      32.4929
    2908      17.2192      31.3140
    2910      17.2405      31.8336
    2912      17.2799      32.1759
    2914      17.1891      32.0724
    2916      17.1934      32.7993
    2918      17.2319      32.6398
    2920      17.2116      32.0895
    2922      17.2155      32.5600
    2924      17.1980      32.0649
    2926      17.1922      32.0807
    2928      17.1747      32.1989
    2930      17.1799      32.5827
    2932      17.1451      31.8438
    2934      17.1630      31.6469
    2936      17.2098      31.6344
    2938      17.2094      31.6778
    2940      17.2010      32.1692
    2942      17.1504      32.2860
    2944      17.1909      30.8645
    2946      17.1706      31.6887
    2948      17.1469      31.3939
    2950      17.2276      32.5823
    2952      17.1621      32.2821
    2954      17.2131      32.4115
    2956      17.1974      31.7139
    2958      17.2158      31.9547
    2960      17.2322      32.6247
    2962      17.2091      32.4469
    2964      17.2587      32.5243
    2966      17.2187      32.5310
    2968      17.3269      32.0724
    2970      17.2969      31.9955
    2972      17.2794      32.9114
    2974      17.2727      34.2816
    2976      17.3337      34.5942
    2978      17.2595      33.7914
    2980      17.2502      33.1719
    2982      17.2851      33.7130
    2984      17.3225      33.9927
    2986      17.3097      33.5228
    2988      17.3148      33.2357
    2990      17.2742      33.1009
    2992      17.2909      33.9721
    2994      17.3081      33.9680
    2996      17.3008      32.7925
    2998      17.2996      35.5314
    3000      17.3000      34.5290
    3002      17.2419      32.3352
    3004      17.2458      32.1705
    3006      17.2516      32.7139
    3008      17.2059      32.6377
    3010      17.2240      32.1619
    3012      17.2799      32.2133
    3014      17.2654      32.9830
    3016      17.1953      32.3811
    3018      17.2072      31.7122
    3020      17.2237      31.7736
    3022      17.2468      31.8491
    3024      17.2251      32.4809
    3026      17.2835      32.8538
    3028      17.2965      33.1121
    3030      17.2866      32.8047
    3032      17.2928      32.5641
    3034      17.2687      32.7287
    3036      17.2290      32.1795
    3038      17.2266      32.5764
    3040      17.2378      32.5743
    3042      17.2870      32.2462
    3044      17.2954      32.2622
    3046      17.2142      31.5751
    3048      17.2940      32.6907
    3050      17.3272      32.0809
    3052      17.3022      33.3456
    3054      17.3284      33.2360
    3056      17.3047      33.9032
    3058      17.3343      33.6546
    3060      17.3198      33.7049
    3062      17.3236      33.4368
    3064      17.3477      32.7427
    3066      17.2890      32.2700
    3068      17.2821      32.5512
    3070      17.2695      33.0510
    3072      17.3221      33.5076
    3074      17.3123      33.5201
    3076      17.2416      32.4820
    3078      17.2589      32.9686
    3080      17.2442      32.8729
    3082      17.2369      33.4904
    3084      17.3129      32.5016
    3086      17.2395      31.8913
    3088      17.2680      32.9194
    3090      17.2463      33.3130
    3092      17.2282      32.4889
    3094      17.2918      32.8637
    3096      17.2971      32.6575
    3098      17.2069      31.9839
    3100      17.2600      32.3428
    3102      17.2530      32.1165
    3104      17.2719      32.5632
    3106      17.2093      32.4046
    3108      17.1938      32.2072
    3110      17.2605      33.0700
    3112      17.2311      32.8498
    3114      17.2673      32.9568
    3116      17.2932      32.8979
    3118      17.2433      32.4018
    3120      17.2707      32.8160
    3122      17.2303      32.5388
    3124      17.1527      32.2225
    3126      17.2451      33.1657
    3128      17.2229      33.3810
    3130      17.2622      32.8180
    3132      17.2661      33.0336
    3134      17.2101      33.2099
    3136      17.2784      32.8038
    3138      17.2807      32.6915
    3140      17.1465      32.2350
    3142      17.2390      32.5344
    3144      17.2540      32.7245
    3146      17.2406      32.2918
    3148      17.2469      32.2902
    3150      17.2197      32.4530
    3152      17.2661      32.8233
    3154      17.3002      32.9567
    3156      17.2539      32.6378
    3158      17.2445      32.5126
    3160      17.2063      32.7947
    3162      17.1922      33.1679
    3164      17.2276      32.7123
    3166      17.2470      32.4234
    3168      17.1597      31.7962
    3170      17.2333      32.0844
    3172      17.2057      32.6432
    3174      17.3037      32.9939
    3176      17.2834      33.1246
    3178      17.2356      32.9447
    3180      17.2200      32.8568
    3182      17.2568      33.1876
    3184      17.2485      32.5430
    3186      17.2961      32.4279
    3188      17.2607      32.5162
    3190      17.3184      33.0544
    3192      17.3255      32.9168
    3194      17.2782      32.0984
    3196      17.2683      33.0211
    3198      17.2599      32.9165
    3200      17.2588      32.9193
    3202      17.2346      32.2648
    3204      17.2927      33.4052
    3206      17.3045      32.4861
    3208      17.2842      33.0773
    3210      17.2120      32.0098
    3212      17.2625      32.4026
    3214      17.2697      33.2621
    3216      17.2659      32.8320
    3218      17.2940      32.4201
    3220      17.2645      31.9577
    3222      17.2778      32.0949
    3224      17.2935      32.8801
    3226      17.3810      33.2025
    3228      17.3494      33.0672
    3230      17.2837      33.2990
    3232      17.2774      32.4773
    3234      17.3485      32.3246
    3236      17.2938      31.9313
    3238      17.2375      31.8130
    3240      17.2080      31.6826
    3242      17.1892      31.8766
    3244      17.2191      32.0038
    3246      17.1704      31.3423
    3248      17.1404      31.0034
    3250      17.2610      31.6269
    3252      17.2568      32.1708
    3254      17.2130      32.0814
    3256      17.1856      32.0068
    3258      17.1624      31.5155
    3260      17.2232      31.8046
    3262      17.2787      32.4437
    3264      17.2663      32.0618
    3266      17.2944      32.4097
    3268      17.2972      32.5581
    3270      17.3198      31.8296
    3272      17.3052      33.0094
    3274      17.2892      32.3281
    3276      17.3103      32.2692
    3278      17.3231      32.8131
    3280      17.3132      33.8891
    3282      17.3260      33.0024
    3284      17.3328      33.7570
    3286      17.3179      33.9466
    3288      17.3154      33.1093
    3290      17.2354      33.2368
    3292      17.2580      33.0292
    3294      17.2778      32.4624
    3296      17.3294      33.8190
    3298      17.3564      33.7137
    3300      17.3265      33.3922
    3302      17.2915      33.4295
    3304      17.2711      33.1725
    3306      17.2876      33.6218
    3308      17.3163      33.6540
    3310      17.2715      33.6153
    3312      17.2396      33.3627
    3314      17.2748      33.4968
    3316      17.2391      32.7528
    3318      17.2467      32.3974
    3320      17.3194      33.3001
    3322      17.2908      33.3721
    3324      17.2039      32.3857
    3326      17.2733      32.7005
    3328      17.2868      31.9007
    3330      17.3039      32.4036
    3332      17.3358      32.2520
    3334      17.3357      32.8319
    3336      17.3116      31.9200
    3338      17.3062      31.6263
    3340      17.2746      32.0513
    3342      17.3531      33.3784
    3344      17.2881      32.8260
    3346      17.2281      32.0960
    3348      17.2312      31.7490
    3350      17.2380      31.7262
    3352      17.2326      32.2415
    3354      17.2504      32.4901
    3356      17.2021      31.8869
    3358      17.2518      32.1424
    3360      17.2083      32.4210
    3362      17.2558      32.1658
    3364      17.2441      32.3049
    3366      17.2193      32.1575
    3368      17.2668      32.6463
    3370      17.2442      31.7316
    3372      17.2513      31.4851
    3374      17.2348      31.6117
    3376      17.2774      31.9938
    3378      17.2246      31.9661
    3380      17.2533      32.1228
    3382      17.2563      32.1096
    3384      17.2767      32.4544
    3386      17.2569      32.5401
    3388      17.2837      32.6370
    3390      17.2720      32.3207
    3392      17.2986      32.8122
    3394      17.3114      32.9520
    3396      17.3432      33.4217
    3398      17.3266      32.8296
    3400      17.2952      33.3565
    3402      17.2592      33.5029
    3404      17.2533      34.3262
    3406      17.3094      34.4858
    3408      17.2851      34.4317
    3410      17.2838      33.8646
    3412      17.2338      32.5510
    3414      17.2590      32.2994
    3416      17.2744      32.5738
    3418      17.3343      32.5283
    3420      17.2563      33.3128
    3422      17.3287      32.9006
    3424      17.2836      33.2416
    3426      17.3346      33.3945
    3428      17.3041      32.7219
    3430      17.3665      34.0543
    3432      17.3036      33.6654
    3434      17.3323      33.5288
    3436      17.3007      34.3461
    3438      17.3029      33.0655
    3440      17.2487      32.7541
    3442      17.2887      32.2085
    3444      17.2824      32.4088
    3446      17.3125      33.5841
    3448      17.2432      32.1387
    3450      17.2180      32.9672
    3452      17.1782      32.1556
    3454      17.2336      32.2213
    3456      17.2927      32.6491
    3458      17.2795      32.7012
    3460      17.2429      31.5222
    3462      17.3386      32.6534
    3464      17.2539      31.7508
    3466      17.2900      32.0372
    3468      17.2235      32.5839
    3470      17.2721      33.8386
    3472      17.2731      33.6373
    3474      17.3176      33.5213
    3476      17.3473      33.1756
    3478      17.4111      35.4353
    3480      17.3472      34.3983
    3482      17.3338      34.7580
    3484      17.3194      34.6391
    3486      17.2885      33.7363
    3488      17.2818      33.7076
    3490      17.3327      33.7753
    3492      17.3641      33.9957
    3494      17.3303      33.7371
    3496      17.3143      32.9842
    3498      17.2874      33.0103
    3500      17.2896      34.2501
    3502      17.3628      34.9003
    3504      17.3537      35.3700
    3506      17.3782      36.1909
    3508      17.3615      34.5499
    3510      17.3106      34.3687
    3512      17.2718      35.9929
    3514      17.3256      35.2964
    3516      17.3338      35.5612
    3518      17.3817      35.5066
    3520      17.3676      36.0385
    3522      17.3753      34.2146
    3524      17.3453      34.0457
    3526      17.2729      32.0964
    3528      17.2512      32.1570
    3530      17.3220      34.2151
    3532      17.3099      33.5124
    3534      17.2366      33.1199
    3536      17.3162      34.5835
    3538      17.3286      37.5528
    3540      17.3058      38.4580
    3542      17.3015      37.1844
    3544      17.3220      36.8681
    3546      17.3755      36.2260
    3548      17.3692      37.2516
    3550      17.3301      35.3885
    3552      17.2740      35.9147
    3554      17.2453      35.3014
    3556      17.2467      32.8980
    3558      17.1990      33.7586
    3560      17.2964      32.2961
    3562      17.2305      32.6986
    3564      17.3055      33.2859
    3566      17.2560      32.2068
    3568      17.2256      32.1667
    3570      17.2956      33.5080
    3572      17.2089      32.6869
    3574      17.1635      32.7712
    3576      17.1596      30.2566
    3578      17.2355      31.7755
    3580      17.2264      31.5540
    3582      17.2241      30.8581
    3584      17.2071      31.3738
    3586      17.2469      31.4706
    3588      17.1878      31.3942
    3590      17.1473      31.2165
    3592      17.1521      30.6283
    3594      17.1613      30.9023
    3596      17.2562      31.7642
    3598      17.2058      31.6364
    3600      17.1193      31.3068
    3602      17.1664      31.0766
    3604      17.1123      31.0900
    3606      17.2437      31.2808
    3608      17.2766      31.5305
    3610      17.2241      31.6911
    3612      17.1873      30.9705
    3614      17.2790      31.4125
    3616      17.2185      30.4120
    3618      17.2828      31.7539
    3620      17.2555      31.1476
    3622      17.2827      31.3983
    3624      17.2034      31.3296
    3626      17.2322      31.4742
    3628      17.1772      31.6543
    3630      17.2621      32.0628
    3632      17.2559      32.0470
    3634      17.2229      31.5850
    3636      17.2565      31.3201
    3638      17.1505      31.3645
    3640      17.1580      31.9275
    3642      17.1824      31.7835
    3644      17.1762      31.4772
    3646      17.1879      30.8352
    3648      17.2535      30.9815
    3650      17.1710      30.8292
    3652      17.2384      31.5269
    3654      17.1893      31.8914
    3656      17.1941      32.2310
    3658      17.2253      31.9495
    3660      17.3239      31.6331
    3662      17.2445      31.7135
    3664      17.2684      32.2835
    3666      17.2238      31.5024
    3668      17.1766      30.6876
    3670      17.1533      30.7946
    3672      17.2149      31.7634
    3674      17.2503      32.2630
    3676      17.1834      31.5067
    3678      17.2147      31.8921
    3680      17.2120      31.9509
    3682      17.1824      31.0253
    3684      17.2666      31.9878
    3686      17.2809      31.9091
    3688      17.1765      31.6839
    3690      17.2341      31.4972
    3692      17.3008      32.1123
    3694      17.2909      31.5766
    3696      17.2765      31.7122
    3698      17.2662      31.9329
    3700      17.2515      32.4012
    3702      17.2148      31.6728
    3704      17.2808      32.0995
    3706      17.2841      32.1810
    3708      17.2789      31.4345
    3710      17.2237      31.4711
    3712      17.3231      31.9016
    3714      17.2659      31.9026
    3716      17.3179      32.0016
    3718      17.3017      32.3051
    3720      17.2298      31.8497
    3722      17.2317      30.7514
    3724      17.2965      31.0128
    3726      17.2629      31.7099
    3728      17.2429      31.5173
    3730      17.1933      32.3421
    3732      17.2241      32.0748
    3734      17.2211      31.9930
    3736      17.2328      32.0087
    3738      17.3460      32.2247
    3740      17.2369      32.2002
    3742      17.2906      32.2455
    3744      17.2456      32.3134
    3746      17.2975      32.8159
    3748      17.1707      31.9194
    3750      17.2887      32.5130
    3752      17.2245      31.2408
    3754      17.2532      31.5086
    3756      17.2492      31.7837
    3758      17.2615      31.7464
    3760      17.2557      31.6076
    3762      17.2488      31.4673
    3764      17.2477      31.6864
    3766      17.2749      32.6981
    3768      17.2472      32.3364
    3770      17.2350      31.9262
    3772      17.2126      32.3241
    3774      17.2218      31.2628
    3776      17.2276      31.4229
    3778      17.2004      31.3950
    3780      17.2461      31.4989
    3782      17.3058      31.6788
    3784      17.3033      31.5598
    3786      17.1886      31.6783
    3788      17.2541      31.7675
    3790      17.1864      32.3032
    3792      17.2542      32.3387
    3794      17.1996      32.1725
    3796      17.1751      31.7397
    3798      17.1549      32.0198
    3800      17.2749      32.1556
    3802      17.2239      32.0419
    3804      17.2565      32.3002
    3806      17.2105      32.5315
    3808      17.2938      32.6264
    3810      17.2452      32.4567
    3812      17.2792      32.3956
    3814      17.2734      32.2608
    3816      17.2418      32.7360
    3818      17.3008      33.0035
    3820      17.2051      33.0829
    3822      17.1734      32.2913
    3824      17.2232      32.2747
    3826      17.2342      32.7293
    3828      17.2584      32.4918
    3830      17.2657      32.2937
    3832      17.1725      31.7838
    3834      17.2385      33.0319
    3836      17.1930      33.0122
    3838      17.2114      33.2482
    3840      17.2676      33.4981
    3842      17.2653      32.1651
    3844      17.2256      32.8056
    3846      17.2428      32.4792
    3848      17.2261      32.5478
    3850      17.2698      32.0694
    3852      17.2907      32.9519
    3854      17.2387      32.2031
    3856      17.2029      32.4880
    3858      17.2154      31.8008
    3860      17.1726      32.0230
    3862      17.1967      31.0890
    3864      17.2128      32.2081
    3866      17.2348      32.6025
    3868      17.2230      31.9101
    3870      17.2199      31.6837
    3872      17.2586      31.7062
    3874      17.2273      32.2433
    3876      17.3033      31.8524
    3878      17.2467      32.7941
    3880      17.2036      31.1855
    3882      17.1903      31.2873
    3884      17.2014      31.2900
    3886      17.1916      31.8518
    3888      17.2741      32.6862
    3890      17.2224      31.6526
    3892      17.2532      31.5488
    3894      17.2395      31.1243
    3896      17.2587      31.4480
    3898      17.1696      31.7008
    3900      17.2231      31.6531
    3902      17.1793      31.8217
    3904      17.1604      32.3009
    3906      17.2085      31.6290
    3908      17.2070      31.1397
    3910      17.1397      31.1878
    3912      17.1942      31.9104
    3914      17.1121      31.6086
    3916      17.2148      32.2393
    3918      17.2362      32.3973
    3920      17.2510      32.4669
    3922      17.2040      32.2183
    3924      17.1377      31.3419
    3926      17.1834      31.9146
    3928      17.2321      32.1504
    3930      17.2053      32.2945
    3932      17.2106      32.4529
    3934      17.2699      33.2489
    3936      17.2167      32.1306
    3938      17.2014      32.0233
    3940      17.2128      31.7877
    3942      17.2515      32.3742
    3944      17.1611      32.0751
    3946      17.1818      31.4229
    3948      17.2271      32.1990
    3950      17.2438      32.1827
    3952      17.1528      31.7034
    3954      17.2308      31.5452
    3956      17.2792      32.3360
    3958      17.2185      31.3391
    3960      17.1798      32.0046
    3962      17.2391      31.4167
    3964      17.2624      31.7033
    3966      17.2031      31.9268
    3968      17.2115      31.3939
    3970      17.2137      31.2116
    3972      17.2506      31.0482
    3974      17.2029      30.8577
    3976      17.1700      31.4917
    3978      17.1384      31.0379
    3980      17.1630      31.6273
    3982      17.1985      31.3766
    3984      17.1908      31.3342
    3986      17.2058      30.9932
    3988      17.2295      32.1931
    3990      17.2587      31.7020
    3992      17.1874      30.9711
    3994      17.2263      31.7847
    3996      17.1897      32.0906
    3998      17.2707      32.0836
    4000      17.2394      31.2631
    4002      17.2427      31.6138
    4004      17.2328      31.8976
    4006      17.1996      31.7488
    4008      17.2117      32.0102
    4010      17.2394      32.2185
    4012      17.2652      32.1120
    4014      17.2608      32.0923
    4016      17.1678      31.9651
    4018      17.1784      32.2699
    4020      17.1745      31.3728
    4022      17.2126      31.6328
    4024      17.1539      31.7001
    4026      17.2173      32.2999
    4028      17.1034      32.1504
    4030      17.1784      32.1340
    4032      17.1991      31.9368
    4034      17.1685      31.3974
    4036      17.2130      32.2132
    4038      17.2095      32.0733
    4040      17.1805      31.7300
    4042      17.2036      32.1411
    4044      17.1926      32.1166
    4046      17.1887      32.4033
    4048      17.1692      32.6270
    4050      17.1878      32.4348
    4052      17.2224      32.2160
    4054      17.2058      32.5484
    4056      17.2261      32.4186
    4058      17.1698      32.2428
    4060      17.1808      32.4761
    4062      17.1425      31.8099
    4064      17.1388      31.9618
    4066      17.1721      30.7532
    4068      17.1689      30.9361
    4070      17.1801      31.8526
    4072      17.1377      31.4990
    4074      17.1817      30.7614
    4076      17.1337      30.6328
    4078      17.1193      31.2515
    4080      17.1436      31.4544
    4082      17.1888      32.5129
    4084      17.1227      31.3264
    4086      17.1971      31.7440
    4088      17.1324      31.1799
    4090      17.0914      31.4539
    4092      17.0599      31.5819
    4094      17.1990      32.6266
    4096      17.1411      31.8699
    4098      17.1785      31.7386
    4100      17.1836      31.4567
    4102      17.1497      31.9826
    4104      17.1506      31.7857
    4106      17.1737      32.4082
    4108      17.1852      32.2055
    4110      17.1578      32.1963
    4112      17.1553      32.2165
    4114      17.1283      31.7107
    4116      17.0921      32.1501
    4118      17.1808      32.1454
    4120      17.2329      32.6331
    4122      17.1547      32.3191
    4124      17.1829      32.2476
    4126      17.2274      32.8253
    4128      17.2300      32.3169
    4130      17.2240      32.2696
    4132      17.2045      31.4054
    4134      17.2325      32.1828
    4136      17.1962      32.5467
    4138      17.2396      31.8565
    4140      17.1670      31.7855
    4142      17.2254      32.2241
    4144      17.2502      31.7411
    4146      17.1776      32.2709
    4148      17.2651      32.3776
    4150      17.1921      31.4946
    4152      17.1899      31.7375
    4154      17.2024      32.8228
    4156      17.1953      31.4299
    4158      17.2525      31.2620
    4160      17.2329      30.9828
    4162      17.2300      31.5815
    4164      17.2064      31.0272
    4166      17.2082      31.6662
    4168      17.2192      30.6222
    4170      17.2655      31.1878
    4172      17.2585      30.9359
    4174      17.2710      31.2184
    4176      17.2475      31.4370
    4178      17.1754      31.3489
    4180      17.2619      31.6941
    4182      17.2335      31.2018
    4184      17.2008      32.2199
    4186      17.2642      32.0186
    4188      17.2562      31.2674
    4190      17.1972      31.5204
    4192      17.2462      32.3672
    4194      17.2319      31.7666
    4196      17.2157      31.6361
    4198      17.2418      31.8530
    4200      17.2054      31.5463
    4202      17.3027      31.4312
    4204      17.2819      32.3476
    4206      17.2244      31.6148
    4208      17.2625      31.2575
    4210      17.2950      32.0151
    4212      17.2548      31.8434
    4214      17.2707      31.9597
    4216      17.2936      31.4559
    4218      17.2454      31.6661
    4220      17.2438      31.1831
    4222      17.2021      31.2155
    4224      17.2905      31.9714
    4226      17.2925      31.5504
    4228      17.2230      31.6201
    4230      17.2594      31.7383
    4232      17.2554      30.4711
    4234      17.2972      31.9889
    4236      17.3010      31.8285
    4238      17.2199      31.9447
    4240      17.2925      31.9235
    4242      17.2689      32.5871
    4244      17.3505      33.1684
    4246      17.3382      32.1632
    4248      17.3153      32.2076
    4250      17.2478      32.3121
    4252      17.2390      32.2180
    4254      17.2981      31.7170
    4256      17.3090      32.8589
    4258      17.2998      31.7984
    4260      17.2535      31.8358
    4262      17.2838      31.7290
    4264      17.3211      33.1115
    4266      17.2900      33.2228
    4268      17.2993      31.7467
    4270      17.2966      31.3899
    4272      17.2480      32.2942
    4274      17.3121      32.8930
    4276      17.2370      32.3656
    4278      17.3280      32.0310
    4280      17.2013      32.3694
    4282      17.2407      32.5374
    4284      17.2475      31.8104
    4286      17.1945      31.8911
    4288      17.2071      31.5317
    4290      17.2353      30.9821
    4292      17.2431      31.6927
    4294      17.2296      31.2357
    4296      17.2925      30.6774
    4298      17.2378      31.5411
    4300      17.2980      31.7059
    4302      17.2691      31.2088
    4304      17.3121      31.4480
    4306      17.2593      31.5803
    4308      17.2276      31.2277
    4310      17.2430      31.4895
    4312      17.2690      31.8432
    4314      17.2561      31.7883
    4316      17.2327      32.0796
    4318      17.2810      31.9643
    4320      17.2548      31.2390
    4322      17.2739      31.3245
    4324      17.2065      31.6994
    4326      17.2620      32.5411
    4328      17.3119      33.1605
    4330      17.2392      31.2403
    4332      17.2960      32.3285
    4334      17.3613      32.5901
    4336      17.3535      33.4407
    4338      17.3197      33.2280
    4340      17.3217      32.6881
    4342      17.3008      32.7470
    4344      17.2684      33.2616
    4346      17.2829      33.0060
    4348      17.2250      32.5883
    4350      17.2595      32.7571
    4352      17.2312      31.9761
    4354      17.2908      32.1548
    4356      17.3118      32.6306
    4358      17.2975      33.4258
    4360      17.2939      33.2934
    4362      17.2971      33.1387
    4364      17.3090      32.2531
    4366      17.2760      32.2012
    4368      17.2931      33.0909
    4370      17.3144      33.0504
    4372      17.3420      33.0000
    4374      17.2597      32.0843
    4376      17.3080      32.3464
    4378      17.2847      33.0833
    4380      17.3841      33.3740
    4382      17.3312      33.3427
    4384      17.3599      33.4439
    4386      17.3667      32.8758
    4388      17.3276      32.2534
    4390      17.3595      32.3761
    4392      17.4022      32.3855
    4394      17.3089      32.7610
    4396      17.2986      32.8273
    4398      17.2877      35.0588
    4400      17.2750      34.1001
    4402      17.3176      33.7590
    4404      17.3275      32.7776
    4406      17.3664      33.1210
    4408      17.3961      33.9434
    4410      17.3122      33.7245
    4412      17.3275      33.7542
    4414      17.2883      33.9479
    4416      17.2946      34.7243
    4418      17.3677      35.4391
    4420      17.3299      35.6052
    4422      17.3666      34.6370
    4424      17.3265      33.3606
    4426      17.3310      33.0948
    4428      17.3398      33.2574
    4430      17.3504      33.8414
    4432      17.3330      33.3142
    4434      17.3296      34.1550
    4436      17.2463      33.1200
    4438      17.2924      33.3476
    4440      17.2530      33.1614
    4442      17.2904      33.9264
    4444      17.3038      33.2155
    4446      17.3328      33.2854
    4448      17.3939      33.2221
    4450      17.3379      33.3778
    4452      17.2877      33.4121
    4454      17.3444      32.4539
    4456      17.3707      32.7365
    4458      17.2671      31.9264
    4460      17.2948      32.6331
    4462      17.3456      31.9552
    4464      17.3037      32.0990
    4466      17.3697      32.7469
    4468      17.2472      31.1468
    4470      17.2957      31.6555
    4472      17.2693      30.6458
    4474      17.3075      30.1988
    4476      17.2754      31.5955
    4478      17.3174      32.1058
    4480      17.2736      31.7401
    4482      17.2581      31.9713
    4484      17.2611      33.7957
    4486      17.3205      34.4549
    4488      17.2513      33.3144
    4490      17.3461      32.6234
    4492      17.3069      32.8082
    4494      17.3082      31.7849
    4496      17.3189      33.8688
    4498      17.3330      33.1496
    4500      17.3342      33.6209
    4502      17.3687      33.3506
    4504      17.2699      32.7380
    4506      17.3309      33.2077
    4508      17.2251      32.9050
    4510      17.3047      33.6663
    4512      17.3025      32.5230
    4514      17.2429      32.6952
    4516      17.2416      32.7530
    4518      17.2757      32.9395
    4520      17.2950      33.2956
    4522      17.3610      32.3050
    4524      17.3261      33.6675
    4526      17.3449      33.7301
    4528      17.3863      34.0054
    4530      17.3275      33.1859
    4532      17.3643      32.5142
    4534      17.3070      32.5795
    4536      17.3848      33.0383
    4538      17.3481      33.2011
    4540      17.3007      32.9069
    4542      17.3409      33.5309
    4544      17.3170      33.1186
    4546      17.3104      33.3512
    4548      17.2886      32.9412
    4550      17.2697      31.6193
    4552      17.2948      32.4065
    4554      17.3432      33.7527
    4556      17.2990      33.8926
    4558      17.3165      31.9827
    4560      17.2245      31.2938
    4562      17.3090      32.3211
    4564      17.2801      32.0828
    4566      17.2615      31.9942
    4568      17.2584      31.8146
    4570      17.3193      32.8415
    4572      17.2459      32.2337
    4574      17.2503      32.4317
    4576      17.2799      32.4899
    4578      17.2925      32.8341
    4580      17.2971      32.2960
    4582      17.3345      32.4838
    4584      17.2102      32.0683
    4586      17.2957      32.3587
    4588      17.3263      32.2969
    4590      17.2504      31.8946
    4592      17.3239      31.8310
    4594      17.3194      32.0034
    4596      17.3530      32.3709
    4598      17.3688      32.8589
    4600      17.4125      32.7459
    4602      17.3759      32.4111
    4604      17.2904      32.3369
    4606      17.3697      32.7082
    4608      17.3609      34.1165
    4610      17.4075      33.4350
    4612      17.2986      32.1260
    4614      17.3986      32.7761
    4616      17.2588      33.3014
    4618      17.3296      33.7297
    4620      17.3003      34.1872
    4622      17.3079      32.4867
    4624      17.2441      32.2020
    4626      17.3015      33.1231
    4628      17.2656      32.0693
    4630      17.2553      32.1337
    4632      17.3521      33.3547
    4634      17.2927      33.2346
    4636      17.3489      32.0649
    4638      17.3525      31.4523
    4640      17.3474      32.2309
    4642      17.2486      31.8745
    4644      17.3005      32.0164
    4646      17.2343      32.1275
    4648      17.2272      31.9344
    4650      17.2426      32.1929
    4652      17.2042      31.4733
    4654      17.3076      32.7868
    4656      17.2547      32.0963
    4658      17.3026      32.0744
    4660      17.2799      33.0417
    4662      17.2451      31.9329
    4664      17.2427      33.3035
    4666      17.3159      31.9199
    4668      17.3215      33.5608
    4670      17.3031      32.8522
    4672      17.2555      33.1306
    4674      17.3525      32.6757
    4676      17.2722      31.7189
    4678      17.2926      33.1851
    4680      17.2995      32.9150
    4682      17.2774      32.4217
    4684      17.3138      32.3621
    4686      17.2989      32.4486
    4688      17.3224      32.0089
    4690      17.3422      32.8750
    4692      17.3148      32.2449
    4694      17.3905      33.1761
    4696      17.2979      32.4339
    4698      17.3161      33.0432
    4700      17.3093      32.6959
    4702      17.2759      31.5210
    4704      17.2975      32.4000
    4706      17.2661      32.4181
    4708      17.2392      31.6857
    4710      17.2537      31.6663
    4712      17.2612      31.0873
    4714      17.2908      31.9033
    4716      17.2656      31.7420
    4718      17.3063      32.4312
    4720      17.2900      31.6623
    4722      17.2680      31.5235
    4724      17.2857      31.7643
    4726      17.2435      31.5372
    4728      17.3708      32.7907
    4730      17.3150      32.5022
    4732      17.3675      32.8684
    4734      17.3348      32.7484
    4736      17.3512      32.6132
    4738      17.3036      32.3265
    4740      17.2642      32.5134
    4742      17.2556      32.1973
    4744      17.3006      32.7191
    4746      17.2469      31.8673
    4748      17.2838      31.6905
    4750      17.2929      31.8995
    4752      17.2929      32.8814
    4754      17.2929      31.6895
    4756      17.3309      31.9564
    4758      17.3349      33.6006
    4760      17.3743      32.8008
    4762      17.3556      32.6546
    4764      17.4060      33.0494
    4766      17.3759      33.3588
    4768      17.3882      33.2206
    4770      17.3611      33.2429
    4772      17.3718      32.8156
    4774      17.3652      33.4935
    4776      17.3786      32.9696
    4778      17.3810      33.7132
    4780      17.3580      33.2604
    4782      17.3292      32.4985
    4784      17.3437      32.1341
    4786      17.3544      33.4476
    4788      17.3572      33.1646
    4790      17.3336      33.7942
    4792      17.4070      34.2762
    4794      17.2941      33.6790
    4796      17.4402      36.1324
    4798      17.3367      34.9475
    4800      17.3578      35.1028
