#Frame        RMSD_BB
       2       0.0000
       4       0.2079
       6       0.2061
       8       0.2183
      10       0.2070
      12       0.2079
      14       0.2074
      16       0.2112
      18       0.2084
      20       0.2092
      22       0.2154
      24       0.2105
      26       0.2072
      28       0.2116
      30       0.2071
      32       0.2162
      34       0.2075
      36       0.2052
      38       0.2129
      40       0.2102
      42       0.2022
      44       0.2027
      46       0.2087
      48       0.2088
      50       0.2058
      52       0.2072
      54       0.2182
      56       0.2030
      58       0.2046
      60       0.2096
      62       0.2123
      64       0.2062
      66       0.2094
      68       0.2088
      70       0.2122
      72       0.2143
      74       0.2128
      76       0.2033
      78       0.2081
      80       0.2126
      82       0.2030
      84       0.2086
      86       0.2128
      88       0.2038
      90       0.2120
      92       0.2118
      94       0.2097
      96       0.2023
      98       0.2082
     100       0.2073
     102       0.2066
     104       0.2103
     106       0.2028
     108       0.2096
     110       0.2087
     112       0.2118
     114       0.2165
     116       0.2004
     118       0.2087
     120       0.2102
     122       0.2107
     124       0.2131
     126       0.2011
     128       0.2088
     130       0.2096
     132       0.2092
     134       0.2142
     136       0.2189
     138       0.2140
     140       0.2140
     142       0.2061
     144       0.2114
     146       0.2051
     148       0.2043
     150       0.2107
     152       0.2113
     154       0.2102
     156       0.2086
     158       0.2109
     160       0.2130
     162       0.2098
     164       0.2053
     166       0.2167
     168       0.2119
     170       0.2119
     172       0.2057
     174       0.2049
     176       0.2016
     178       0.2058
     180       0.2000
     182       0.2156
     184       0.2062
     186       0.2086
     188       0.2069
     190       0.2044
     192       0.2035
     194       0.2186
     196       0.2126
     198       0.2049
     200       0.2061
     202       0.2092
     204       0.2049
     206       0.2137
     208       0.2217
     210       0.2066
     212       0.2036
     214       0.2041
     216       0.2128
     218       0.2156
     220       0.2112
     222       0.2106
     224       0.2101
     226       0.2119
     228       0.2048
     230       0.2095
     232       0.2107
     234       0.2062
     236       0.2039
     238       0.2018
     240       0.2070
     242       0.2092
     244       0.2147
     246       0.2131
     248       0.2105
     250       0.2053
     252       0.2134
     254       0.1983
     256       0.2140
     258       0.2129
     260       0.2167
     262       0.2133
     264       0.2017
     266       0.2068
     268       0.2133
     270       0.2176
     272       0.2040
     274       0.2051
     276       0.2073
     278       0.2063
     280       0.2061
     282       0.2111
     284       0.2143
     286       0.2040
     288       0.2057
     290       0.2144
     292       0.2169
     294       0.2096
     296       0.2063
     298       0.2070
     300       0.2085
     302       0.2096
     304       0.2143
     306       0.2088
     308       0.2148
     310       0.2117
     312       0.2123
     314       0.2121
     316       0.2047
     318       0.2117
     320       0.2195
     322       0.2174
     324       0.2086
     326       0.2152
     328       0.2134
     330       0.2127
     332       0.2077
     334       0.2132
     336       0.2089
     338       0.2124
     340       0.2102
     342       0.2087
     344       0.2032
     346       0.2068
     348       0.2040
     350       0.2166
     352       0.2106
     354       0.2133
     356       0.2136
     358       0.2146
     360       0.2072
     362       0.2080
     364       0.2095
     366       0.2187
     368       0.2061
     370       0.2124
     372       0.2074
     374       0.2070
     376       0.2103
     378       0.2015
     380       0.2118
     382       0.2075
     384       0.2121
     386       0.2089
     388       0.2110
     390       0.2099
     392       0.2054
     394       0.2127
     396       0.2109
     398       0.2110
     400       0.2103
     402       0.2050
     404       0.2126
     406       0.2099
     408       0.2130
     410       0.2130
     412       0.2034
     414       0.2124
     416       0.2064
     418       0.2058
     420       0.2083
     422       0.2031
     424       0.2149
     426       0.2109
     428       0.2111
     430       0.2155
     432       0.2127
     434       0.2090
     436       0.2060
     438       0.2112
     440       0.2130
     442       0.2164
     444       0.2040
     446       0.2032
     448       0.2064
     450       0.2050
     452       0.2057
     454       0.2049
     456       0.2079
     458       0.2094
     460       0.2105
     462       0.1993
     464       0.2052
     466       0.2091
     468       0.2148
     470       0.2012
     472       0.2216
     474       0.2136
     476       0.2071
     478       0.2055
     480       0.2162
     482       0.2019
     484       0.2123
     486       0.2172
     488       0.2071
     490       0.2083
     492       0.2055
     494       0.2129
     496       0.2138
     498       0.2078
     500       0.2154
     502       0.2606
     504       0.2569
     506       0.2616
     508       0.2737
     510       0.2643
     512       0.2738
     514       0.2610
     516       0.2609
     518       0.2685
     520       0.2511
     522       0.2612
     524       0.2676
     526       0.2599
     528       0.2765
     530       0.2687
     532       0.2615
     534       0.2732
     536       0.2615
     538       0.2701
     540       0.2748
     542       0.2638
     544       0.2668
     546       0.2755
     548       0.2617
     550       0.2746
     552       0.2615
     554       0.2691
     556       0.2550
     558       0.2708
     560       0.2553
     562       0.2669
     564       0.2644
     566       0.2636
     568       0.2683
     570       0.2713
     572       0.2722
     574       0.2635
     576       0.2731
     578       0.2630
     580       0.2689
     582       0.2635
     584       0.2626
     586       0.2588
     588       0.2599
     590       0.2690
     592       0.2682
     594       0.2585
     596       0.2709
     598       0.2734
     600       0.2653
     602       0.2650
     604       0.2650
     606       0.2665
     608       0.2647
     610       0.2655
     612       0.2631
     614       0.2631
     616       0.2677
     618       0.2745
     620       0.2609
     622       0.2726
     624       0.2698
     626       0.2641
     628       0.2746
     630       0.2733
     632       0.2775
     634       0.2610
     636       0.2699
     638       0.2624
     640       0.2680
     642       0.2592
     644       0.2505
     646       0.2626
     648       0.2568
     650       0.2684
     652       0.2627
     654       0.2596
     656       0.2549
     658       0.2685
     660       0.2664
     662       0.2638
     664       0.2630
     666       0.2726
     668       0.2518
     670       0.2631
     672       0.2617
     674       0.2564
     676       0.2684
     678       0.2558
     680       0.2701
     682       0.2586
     684       0.2628
     686       0.2588
     688       0.2544
     690       0.2653
     692       0.2601
     694       0.2649
     696       0.2590
     698       0.2613
     700       0.2701
     702       0.2702
     704       0.2757
     706       0.2555
     708       0.2688
     710       0.2763
     712       0.2676
     714       0.2643
     716       0.2618
     718       0.2650
     720       0.2683
     722       0.2664
     724       0.2621
     726       0.2771
     728       0.2669
     730       0.2472
     732       0.2638
     734       0.2716
     736       0.2655
     738       0.2491
     740       0.2625
     742       0.2640
     744       0.2616
     746       0.2787
     748       0.2623
     750       0.2775
     752       0.2639
     754       0.2663
     756       0.2622
     758       0.2550
     760       0.2652
     762       0.2644
     764       0.2653
     766       0.2645
     768       0.2684
     770       0.2616
     772       0.2722
     774       0.2584
     776       0.2632
     778       0.2666
     780       0.2521
     782       0.2635
     784       0.2596
     786       0.2637
     788       0.2650
     790       0.2701
     792       0.2673
     794       0.2704
     796       0.2834
     798       0.2747
     800       0.2594
     802       0.2704
     804       0.2670
     806       0.2582
     808       0.2599
     810       0.2657
     812       0.2712
     814       0.2540
     816       0.2731
     818       0.2633
     820       0.2617
     822       0.2622
     824       0.2632
     826       0.2636
     828       0.2629
     830       0.2563
     832       0.2524
     834       0.2567
     836       0.2603
     838       0.2631
     840       0.2666
     842       0.2669
     844       0.2693
     846       0.2692
     848       0.2753
     850       0.2718
     852       0.2706
     854       0.2657
     856       0.2570
     858       0.2682
     860       0.2731
     862       0.2660
     864       0.2727
     866       0.2791
     868       0.2665
     870       0.2633
     872       0.2615
     874       0.2615
     876       0.2631
     878       0.2577
     880       0.2570
     882       0.2607
     884       0.2619
     886       0.2579
     888       0.2755
     890       0.2763
     892       0.2560
     894       0.2674
     896       0.2591
     898       0.2605
     900       0.2632
     902       0.2692
     904       0.2713
     906       0.2548
     908       0.2553
     910       0.2563
     912       0.2749
     914       0.2704
     916       0.2775
     918       0.2647
     920       0.2563
     922       0.2704
     924       0.2779
     926       0.2695
     928       0.2643
     930       0.2572
     932       0.2715
     934       0.2600
     936       0.2500
     938       0.2661
     940       0.2602
     942       0.2645
     944       0.2799
     946       0.2630
     948       0.2536
     950       0.2645
     952       0.2768
     954       0.2825
     956       0.2529
     958       0.2653
     960       0.2673
     962       0.2627
     964       0.2572
     966       0.2733
     968       0.2694
     970       0.2677
     972       0.2693
     974       0.2522
     976       0.2664
     978       0.2600
     980       0.2689
     982       0.2643
     984       0.2682
     986       0.2666
     988       0.2609
     990       0.2646
     992       0.2644
     994       0.2627
     996       0.2615
     998       0.2614
    1000       0.2558
    1002       0.3729
    1004       0.3651
    1006       0.3909
    1008       0.4026
    1010       0.4054
    1012       0.3939
    1014       0.3987
    1016       0.4044
    1018       0.3917
    1020       0.3640
    1022       0.3911
    1024       0.3898
    1026       0.4118
    1028       0.3808
    1030       0.3954
    1032       0.3879
    1034       0.3854
    1036       0.3934
    1038       0.4053
    1040       0.4037
    1042       0.3907
    1044       0.4182
    1046       0.4018
    1048       0.3985
    1050       0.3886
    1052       0.3986
    1054       0.4217
    1056       0.4012
    1058       0.4183
    1060       0.4133
    1062       0.4108
    1064       0.4288
    1066       0.4210
    1068       0.4201
    1070       0.4137
    1072       0.3857
    1074       0.3922
    1076       0.4087
    1078       0.3878
    1080       0.3936
    1082       0.3903
    1084       0.3915
    1086       0.3926
    1088       0.3941
    1090       0.3858
    1092       0.3915
    1094       0.4101
    1096       0.3980
    1098       0.3983
    1100       0.3923
    1102       0.3661
    1104       0.4043
    1106       0.3891
    1108       0.3825
    1110       0.4082
    1112       0.3870
    1114       0.4048
    1116       0.3900
    1118       0.3985
    1120       0.3698
    1122       0.3686
    1124       0.3791
    1126       0.3941
    1128       0.4045
    1130       0.3904
    1132       0.3889
    1134       0.3671
    1136       0.3748
    1138       0.3994
    1140       0.3794
    1142       0.3882
    1144       0.3926
    1146       0.4051
    1148       0.3882
    1150       0.3856
    1152       0.3917
    1154       0.3898
    1156       0.3913
    1158       0.3905
    1160       0.3910
    1162       0.3861
    1164       0.3741
    1166       0.4118
    1168       0.3828
    1170       0.3891
    1172       0.3724
    1174       0.3777
    1176       0.4052
    1178       0.3930
    1180       0.4118
    1182       0.3721
    1184       0.3881
    1186       0.3657
    1188       0.3835
    1190       0.3619
    1192       0.3836
    1194       0.3907
    1196       0.3822
    1198       0.4071
    1200       0.3742
    1202       0.4006
    1204       0.3840
    1206       0.3933
    1208       0.3970
    1210       0.4032
    1212       0.3830
    1214       0.3908
    1216       0.3828
    1218       0.4064
    1220       0.4119
    1222       0.3799
    1224       0.3940
    1226       0.4154
    1228       0.4049
    1230       0.4009
    1232       0.3889
    1234       0.3868
    1236       0.3920
    1238       0.4067
    1240       0.3902
    1242       0.3879
    1244       0.3878
    1246       0.3954
    1248       0.3815
    1250       0.3760
    1252       0.4039
    1254       0.4045
    1256       0.3913
    1258       0.3929
    1260       0.3950
    1262       0.3753
    1264       0.3975
    1266       0.4016
    1268       0.4236
    1270       0.3818
    1272       0.4050
    1274       0.4105
    1276       0.4131
    1278       0.4103
    1280       0.3878
    1282       0.3996
    1284       0.4178
    1286       0.4110
    1288       0.4251
    1290       0.3879
    1292       0.3960
    1294       0.4034
    1296       0.3946
    1298       0.4235
    1300       0.3937
    1302       0.4020
    1304       0.3904
    1306       0.4144
    1308       0.4418
    1310       0.4346
    1312       0.3946
    1314       0.4054
    1316       0.3920
    1318       0.4124
    1320       0.4121
    1322       0.4206
    1324       0.4011
    1326       0.4213
    1328       0.3958
    1330       0.3808
    1332       0.3824
    1334       0.4045
    1336       0.3933
    1338       0.3923
    1340       0.3973
    1342       0.3858
    1344       0.4204
    1346       0.4011
    1348       0.3932
    1350       0.4045
    1352       0.3980
    1354       0.4061
    1356       0.3992
    1358       0.4017
    1360       0.3827
    1362       0.3818
    1364       0.4050
    1366       0.3831
    1368       0.3823
    1370       0.3985
    1372       0.3951
    1374       0.3871
    1376       0.3933
    1378       0.4230
    1380       0.4018
    1382       0.3881
    1384       0.3908
    1386       0.3753
    1388       0.3669
    1390       0.3722
    1392       0.3765
    1394       0.3924
    1396       0.3725
    1398       0.3772
    1400       0.3742
    1402       0.3802
    1404       0.4021
    1406       0.4031
    1408       0.3985
    1410       0.3959
    1412       0.4015
    1414       0.3844
    1416       0.3791
    1418       0.3742
    1420       0.4181
    1422       0.4027
    1424       0.3935
    1426       0.3932
    1428       0.4087
    1430       0.3945
    1432       0.4102
    1434       0.4040
    1436       0.3988
    1438       0.4134
    1440       0.3905
    1442       0.4084
    1444       0.4223
    1446       0.4037
    1448       0.3852
    1450       0.3973
    1452       0.4032
    1454       0.4186
    1456       0.4046
    1458       0.3994
    1460       0.4098
    1462       0.3759
    1464       0.4102
    1466       0.4154
    1468       0.4159
    1470       0.4150
    1472       0.4002
    1474       0.3942
    1476       0.4101
    1478       0.4255
    1480       0.4214
    1482       0.4062
    1484       0.4077
    1486       0.4185
    1488       0.4120
    1490       0.4235
    1492       0.4062
    1494       0.4006
    1496       0.4158
    1498       0.4273
    1500       0.4127
    1502       0.4272
    1504       0.4071
    1506       0.3882
    1508       0.4129
    1510       0.3938
    1512       0.4077
    1514       0.3978
    1516       0.4180
    1518       0.3840
    1520       0.4040
    1522       0.3896
    1524       0.3955
    1526       0.3878
    1528       0.3864
    1530       0.4206
    1532       0.4056
    1534       0.3958
    1536       0.4033
    1538       0.4004
    1540       0.3993
    1542       0.3784
    1544       0.4020
    1546       0.3912
    1548       0.3871
    1550       0.3973
    1552       0.4146
    1554       0.4042
    1556       0.3969
    1558       0.3951
    1560       0.3982
    1562       0.4066
    1564       0.3910
    1566       0.3707
    1568       0.4165
    1570       0.4208
    1572       0.3949
    1574       0.4074
    1576       0.4075
    1578       0.3971
    1580       0.4065
    1582       0.3958
    1584       0.4209
    1586       0.4012
    1588       0.4067
    1590       0.3926
    1592       0.3762
    1594       0.3914
    1596       0.4123
    1598       0.4155
    1600       0.4034
    1602       0.3811
    1604       0.4035
    1606       0.3794
    1608       0.4262
    1610       0.4008
    1612       0.3989
    1614       0.4116
    1616       0.4165
    1618       0.3993
    1620       0.4376
    1622       0.4059
    1624       0.3967
    1626       0.4084
    1628       0.4064
    1630       0.4147
    1632       0.4308
    1634       0.4044
    1636       0.3994
    1638       0.4086
    1640       0.4153
    1642       0.3915
    1644       0.4189
    1646       0.3982
    1648       0.4142
    1650       0.4149
    1652       0.4197
    1654       0.4217
    1656       0.4092
    1658       0.4121
    1660       0.3944
    1662       0.4212
    1664       0.4186
    1666       0.4048
    1668       0.4243
    1670       0.4215
    1672       0.4323
    1674       0.4052
    1676       0.4127
    1678       0.4198
    1680       0.4077
    1682       0.4165
    1684       0.4036
    1686       0.3920
    1688       0.4198
    1690       0.4144
    1692       0.4100
    1694       0.3997
    1696       0.4225
    1698       0.4287
    1700       0.4197
    1702       0.4221
    1704       0.3968
    1706       0.4059
    1708       0.4050
    1710       0.4034
    1712       0.4055
    1714       0.4321
    1716       0.4144
    1718       0.4123
    1720       0.3966
    1722       0.3919
    1724       0.4120
    1726       0.4122
    1728       0.4288
    1730       0.4199
    1732       0.4132
    1734       0.3983
    1736       0.4186
    1738       0.4162
    1740       0.4183
    1742       0.4176
    1744       0.4235
    1746       0.4371
    1748       0.4188
    1750       0.3951
    1752       0.4094
    1754       0.4339
    1756       0.4134
    1758       0.4309
    1760       0.4059
    1762       0.4185
    1764       0.4167
    1766       0.4199
    1768       0.3987
    1770       0.4141
    1772       0.3924
    1774       0.4104
    1776       0.4192
    1778       0.4257
    1780       0.4201
    1782       0.4094
    1784       0.4139
    1786       0.4279
    1788       0.4251
    1790       0.4151
    1792       0.4085
    1794       0.4165
    1796       0.4298
    1798       0.4126
    1800       0.4058
    1802       0.3925
    1804       0.3934
    1806       0.4206
    1808       0.4024
    1810       0.3913
    1812       0.4230
    1814       0.3872
    1816       0.4030
    1818       0.4188
    1820       0.3937
    1822       0.4069
    1824       0.4300
    1826       0.4064
    1828       0.4169
    1830       0.4183
    1832       0.3974
    1834       0.4075
    1836       0.4047
    1838       0.4085
    1840       0.3987
    1842       0.3965
    1844       0.3776
    1846       0.3950
    1848       0.4168
    1850       0.3974
    1852       0.3904
    1854       0.4198
    1856       0.4202
    1858       0.4023
    1860       0.4208
    1862       0.4231
    1864       0.3923
    1866       0.3843
    1868       0.3925
    1870       0.4165
    1872       0.4020
    1874       0.3933
    1876       0.3866
    1878       0.3795
    1880       0.3984
    1882       0.3944
    1884       0.4242
    1886       0.4025
    1888       0.4135
    1890       0.3979
    1892       0.4191
    1894       0.4149
    1896       0.4151
    1898       0.4115
    1900       0.4049
    1902       0.4149
    1904       0.4059
    1906       0.4017
    1908       0.4058
    1910       0.4178
    1912       0.4027
    1914       0.4207
    1916       0.3873
    1918       0.4282
    1920       0.3803
    1922       0.4062
    1924       0.4167
    1926       0.4291
    1928       0.4207
    1930       0.4193
    1932       0.3844
    1934       0.4297
    1936       0.4005
    1938       0.4131
    1940       0.4351
    1942       0.3925
    1944       0.3886
    1946       0.4039
    1948       0.4160
    1950       0.4157
    1952       0.4072
    1954       0.4009
    1956       0.4019
    1958       0.3843
    1960       0.3914
    1962       0.3730
    1964       0.3995
    1966       0.4115
    1968       0.4005
    1970       0.3864
    1972       0.3825
    1974       0.4111
    1976       0.4160
    1978       0.4076
    1980       0.3907
    1982       0.3828
    1984       0.4116
    1986       0.4091
    1988       0.3977
    1990       0.4224
    1992       0.4120
    1994       0.4182
    1996       0.4115
    1998       0.3901
    2000       0.3826
    2002       0.5001
    2004       0.5185
    2006       0.5049
    2008       0.5316
    2010       0.4747
    2012       0.5172
    2014       0.5298
    2016       0.4825
    2018       0.4957
    2020       0.5092
    2022       0.4906
    2024       0.5011
    2026       0.5012
    2028       0.5393
    2030       0.4780
    2032       0.5272
    2034       0.4922
    2036       0.4993
    2038       0.4677
    2040       0.5014
    2042       0.4934
    2044       0.4958
    2046       0.4851
    2048       0.4915
    2050       0.5220
    2052       0.4979
    2054       0.5121
    2056       0.4886
    2058       0.4988
    2060       0.4920
    2062       0.5020
    2064       0.4900
    2066       0.4925
    2068       0.5007
    2070       0.4872
    2072       0.5120
    2074       0.5005
    2076       0.5021
    2078       0.5285
    2080       0.4891
    2082       0.4831
    2084       0.5387
    2086       0.4816
    2088       0.4925
    2090       0.5405
    2092       0.4891
    2094       0.5152
    2096       0.5157
    2098       0.5184
    2100       0.5169
    2102       0.5058
    2104       0.5081
    2106       0.5019
    2108       0.5034
    2110       0.4742
    2112       0.4797
    2114       0.4765
    2116       0.4961
    2118       0.4965
    2120       0.4597
    2122       0.5068
    2124       0.4893
    2126       0.5234
    2128       0.5192
    2130       0.5127
    2132       0.5166
    2134       0.5043
    2136       0.5187
    2138       0.5204
    2140       0.5285
    2142       0.5270
    2144       0.5276
    2146       0.5049
    2148       0.5255
    2150       0.5197
    2152       0.5037
    2154       0.5021
    2156       0.5038
    2158       0.5185
    2160       0.4819
    2162       0.5102
    2164       0.5070
    2166       0.4879
    2168       0.5270
    2170       0.5129
    2172       0.5271
    2174       0.5013
    2176       0.4963
    2178       0.5152
    2180       0.5504
    2182       0.4988
    2184       0.5134
    2186       0.4986
    2188       0.5186
    2190       0.4954
    2192       0.5090
    2194       0.5304
    2196       0.5491
    2198       0.5254
    2200       0.5229
    2202       0.6634
    2204       0.6606
    2206       0.6614
    2208       0.7126
    2210       0.6667
    2212       0.6433
    2214       0.6459
    2216       0.6702
    2218       0.6651
    2220       0.6325
    2222       0.6614
    2224       0.6665
    2226       0.6996
    2228       0.7141
    2230       0.6234
    2232       0.6701
    2234       0.7314
    2236       0.6622
    2238       0.7428
    2240       0.6803
    2242       0.6583
    2244       0.6500
    2246       0.6696
    2248       0.6988
    2250       0.6642
    2252       0.5960
    2254       0.6898
    2256       0.6817
    2258       0.7254
    2260       0.6956
    2262       0.6849
    2264       0.6663
    2266       0.7152
    2268       0.6922
    2270       0.6930
    2272       0.7218
    2274       0.6796
    2276       0.6626
    2278       0.7035
    2280       0.6733
    2282       0.6554
    2284       0.6603
    2286       0.6807
    2288       0.6686
    2290       0.6622
    2292       0.6895
    2294       0.6639
    2296       0.7083
    2298       0.7331
    2300       0.7139
    2302       0.6815
    2304       0.6797
    2306       0.6754
    2308       0.7073
    2310       0.6987
    2312       0.6556
    2314       0.6339
    2316       0.6507
    2318       0.7568
    2320       0.6284
    2322       0.6765
    2324       0.6697
    2326       0.6323
    2328       0.7011
    2330       0.6463
    2332       0.6435
    2334       0.6571
    2336       0.6400
    2338       0.6912
    2340       0.6585
    2342       0.6640
    2344       0.6544
    2346       0.6782
    2348       0.7272
    2350       0.6733
    2352       0.6961
    2354       0.6863
    2356       0.6355
    2358       0.6470
    2360       0.6362
    2362       0.6813
    2364       0.7064
    2366       0.7149
    2368       0.7044
    2370       0.6214
    2372       0.6472
    2374       0.6366
    2376       0.6903
    2378       0.6731
    2380       0.6633
    2382       0.6380
    2384       0.6444
    2386       0.6797
    2388       0.6718
    2390       0.6483
    2392       0.6870
    2394       0.6737
    2396       0.6554
    2398       0.7195
    2400       0.6962
    2402       0.9667
    2404       0.9729
    2406       0.9940
    2408       0.9703
    2410       0.9579
    2412       0.9593
    2414       1.0775
    2416       1.0253
    2418       1.0397
    2420       1.1433
    2422       1.1252
    2424       0.9653
    2426       1.0705
    2428       1.2551
    2430       1.2324
    2432       1.1776
    2434       1.2260
    2436       1.1562
    2438       1.0794
    2440       0.9030
    2442       0.9318
    2444       0.8205
    2446       0.8876
    2448       0.9384
    2450       0.9629
    2452       0.9571
    2454       0.9621
    2456       1.0255
    2458       1.0348
    2460       0.9615
    2462       0.9851
    2464       0.9575
    2466       1.0782
    2468       1.0724
    2470       1.2187
    2472       1.1817
    2474       1.1458
    2476       1.1272
    2478       1.0951
    2480       1.0820
    2482       1.1966
    2484       1.1418
    2486       1.1218
    2488       1.1934
    2490       1.1291
    2492       1.2600
    2494       1.3236
    2496       1.1938
    2498       1.2097
    2500       1.1057
    2502       1.1511
    2504       1.1308
    2506       1.1294
    2508       1.0507
    2510       1.1421
    2512       1.0560
    2514       1.1218
    2516       1.2075
    2518       1.2757
    2520       1.2359
    2522       1.2053
    2524       1.2436
    2526       1.2448
    2528       1.1523
    2530       1.2026
    2532       1.2146
    2534       1.2439
    2536       1.3460
    2538       1.3559
    2540       1.4170
    2542       1.4111
    2544       1.5511
    2546       1.4340
    2548       1.3850
    2550       1.3959
    2552       1.3811
    2554       1.2464
    2556       1.2949
    2558       1.3558
    2560       1.2619
    2562       1.1497
    2564       1.0605
    2566       1.3081
    2568       1.2045
    2570       1.2277
    2572       1.3812
    2574       1.5863
    2576       1.7622
    2578       1.7696
    2580       1.7125
    2582       1.8923
    2584       1.8320
    2586       1.7567
    2588       1.7802
    2590       1.6987
    2592       1.7564
    2594       1.6036
    2596       1.7623
    2598       1.8747
    2600       1.7867
    2602       1.7298
    2604       1.5125
    2606       1.6947
    2608       1.6004
    2610       1.7723
    2612       1.9490
    2614       1.7360
    2616       1.6179
    2618       1.7105
    2620       1.9216
    2622       2.0073
    2624       1.9772
    2626       2.0098
    2628       1.9771
    2630       2.0549
    2632       2.0456
    2634       1.9821
    2636       1.9997
    2638       1.9512
    2640       2.0414
    2642       1.9656
    2644       2.0392
    2646       1.8342
    2648       1.7843
    2650       1.8620
    2652       1.9015
    2654       1.9282
    2656       1.8509
    2658       1.7605
    2660       1.6382
    2662       1.8564
    2664       1.8422
    2666       1.7642
    2668       1.8240
    2670       1.8266
    2672       1.9123
    2674       1.8292
    2676       1.8151
    2678       1.7193
    2680       1.8607
    2682       1.8747
    2684       1.7779
    2686       1.9000
    2688       1.9017
    2690       1.8166
    2692       1.7718
    2694       1.7515
    2696       1.7329
    2698       1.7576
    2700       1.7829
    2702       1.7275
    2704       1.7578
    2706       1.8218
    2708       1.7650
    2710       1.8139
    2712       1.7735
    2714       1.6695
    2716       1.6702
    2718       1.7281
    2720       1.7517
    2722       1.6946
    2724       1.7974
    2726       1.7645
    2728       1.7660
    2730       1.6328
    2732       1.5804
    2734       1.6505
    2736       1.7162
    2738       1.6578
    2740       1.6655
    2742       1.7186
    2744       1.8025
    2746       1.7841
    2748       1.8305
    2750       1.9667
    2752       1.8781
    2754       1.8877
    2756       2.0738
    2758       1.9427
    2760       1.9453
    2762       1.8138
    2764       1.8554
    2766       1.8840
    2768       1.8683
    2770       1.8335
    2772       2.0277
    2774       1.9154
    2776       1.8343
    2778       1.8420
    2780       1.7905
    2782       1.7162
    2784       1.6834
    2786       1.6405
    2788       1.6079
    2790       1.6799
    2792       1.6569
    2794       1.5377
    2796       1.6612
    2798       1.7850
    2800       1.5856
    2802       1.5719
    2804       1.5199
    2806       1.5332
    2808       1.5914
    2810       1.6150
    2812       1.6091
    2814       1.6194
    2816       1.6793
    2818       1.6023
    2820       1.6088
    2822       1.5375
    2824       1.4627
    2826       1.6313
    2828       1.5484
    2830       1.3027
    2832       1.3596
    2834       1.3775
    2836       1.2536
    2838       1.3757
    2840       1.4106
    2842       1.3750
    2844       1.4153
    2846       1.3369
    2848       1.4242
    2850       1.4424
    2852       1.4229
    2854       1.3221
    2856       1.3406
    2858       1.2556
    2860       1.3696
    2862       1.5430
    2864       1.3747
    2866       1.4344
    2868       1.3502
    2870       1.3536
    2872       1.3817
    2874       1.4757
    2876       1.3442
    2878       1.3344
    2880       1.3258
    2882       1.3669
    2884       1.3624
    2886       1.3862
    2888       1.3970
    2890       1.4222
    2892       1.3837
    2894       1.3332
    2896       1.4023
    2898       1.3116
    2900       1.5436
    2902       1.5275
    2904       1.4009
    2906       1.2308
    2908       1.2525
    2910       1.1287
    2912       1.1916
    2914       1.2437
    2916       1.2470
    2918       1.2415
    2920       1.2406
    2922       1.1761
    2924       1.1990
    2926       1.3014
    2928       1.2553
    2930       1.1960
    2932       1.3201
    2934       1.3264
    2936       1.3959
    2938       1.2225
    2940       1.2248
    2942       1.2521
    2944       1.3065
    2946       1.3935
    2948       1.3364
    2950       1.2328
    2952       1.2854
    2954       1.3089
    2956       1.3094
    2958       1.3713
    2960       1.3491
    2962       1.4449
    2964       1.3932
    2966       1.3628
    2968       1.2223
    2970       1.2206
    2972       1.2568
    2974       1.2104
    2976       1.3080
    2978       1.3107
    2980       1.2874
    2982       1.2092
    2984       1.4389
    2986       1.4611
    2988       1.5633
    2990       1.6493
    2992       1.5887
    2994       1.5612
    2996       1.4691
    2998       1.5279
    3000       1.4158
    3002       1.3388
    3004       1.3044
    3006       1.3347
    3008       1.3180
    3010       1.3518
    3012       1.3742
    3014       1.3720
    3016       1.3742
    3018       1.4070
    3020       1.4074
    3022       1.4484
    3024       1.4420
    3026       1.4163
    3028       1.3002
    3030       1.3016
    3032       1.3102
    3034       1.2587
    3036       1.3807
    3038       1.4012
    3040       1.3209
    3042       1.3319
    3044       1.4207
    3046       1.4055
    3048       1.4220
    3050       1.3514
    3052       1.4032
    3054       1.4734
    3056       1.3899
    3058       1.3918
    3060       1.4542
    3062       1.4764
    3064       1.3521
    3066       1.2759
    3068       1.2900
    3070       1.3186
    3072       1.3474
    3074       1.4924
    3076       1.4381
    3078       1.4849
    3080       1.4265
    3082       1.4078
    3084       1.3622
    3086       1.4575
    3088       1.4755
    3090       1.3984
    3092       1.4908
    3094       1.4379
    3096       1.5191
    3098       1.5328
    3100       1.5332
    3102       1.4180
    3104       1.4892
    3106       1.4704
    3108       1.4246
    3110       1.4833
    3112       1.3860
    3114       1.2955
    3116       1.5070
    3118       1.5481
    3120       1.3232
    3122       1.3538
    3124       1.4023
    3126       1.5466
    3128       1.4946
    3130       1.4327
    3132       1.4322
    3134       1.4054
    3136       1.4033
    3138       1.3440
    3140       1.3099
    3142       1.3311
    3144       1.4355
    3146       1.5674
    3148       1.5485
    3150       1.4697
    3152       1.6215
    3154       1.4727
    3156       1.4191
    3158       1.4176
    3160       1.3665
    3162       1.4651
    3164       1.6055
    3166       1.5307
    3168       1.5772
    3170       1.4766
    3172       1.2296
    3174       1.3964
    3176       1.3226
    3178       1.3629
    3180       1.4774
    3182       1.3793
    3184       1.4035
    3186       1.4425
    3188       1.4475
    3190       1.5234
    3192       1.5694
    3194       1.5510
    3196       1.5526
    3198       1.4960
    3200       1.5412
    3202       1.5636
    3204       1.4664
    3206       1.4488
    3208       1.4793
    3210       1.5218
    3212       1.5653
    3214       1.5851
    3216       1.6001
    3218       1.5425
    3220       1.5742
    3222       1.5608
    3224       1.4770
    3226       1.3755
    3228       1.2503
    3230       1.4453
    3232       1.6260
    3234       1.5916
    3236       1.6980
    3238       1.7195
    3240       1.7645
    3242       1.7009
    3244       1.7182
    3246       1.6151
    3248       1.7775
    3250       1.6594
    3252       1.6511
    3254       1.6952
    3256       1.6314
    3258       1.6401
    3260       1.7160
    3262       1.6916
    3264       1.6277
    3266       1.6734
    3268       1.5904
    3270       1.5794
    3272       1.5374
    3274       1.5871
    3276       1.5120
    3278       1.5476
    3280       1.3544
    3282       1.4309
    3284       1.3435
    3286       1.2710
    3288       1.1889
    3290       1.1738
    3292       1.2105
    3294       1.2231
    3296       1.3099
    3298       1.1303
    3300       1.1164
    3302       1.2302
    3304       1.2446
    3306       1.2167
    3308       1.2759
    3310       1.3503
    3312       1.2953
    3314       1.2996
    3316       1.2495
    3318       1.1664
    3320       1.2465
    3322       1.2071
    3324       1.2224
    3326       1.1118
    3328       1.0563
    3330       1.0574
    3332       1.1451
    3334       1.1569
    3336       1.1397
    3338       1.1137
    3340       1.0996
    3342       1.0869
    3344       1.2868
    3346       1.2838
    3348       1.2731
    3350       1.1427
    3352       1.2273
    3354       1.3225
    3356       1.2279
    3358       1.2535
    3360       1.3136
    3362       1.1695
    3364       1.1544
    3366       1.1888
    3368       1.0782
    3370       1.1309
    3372       1.1042
    3374       1.1656
    3376       1.1379
    3378       1.1911
    3380       1.1400
    3382       1.1738
    3384       1.1305
    3386       1.0982
    3388       1.1282
    3390       0.9807
    3392       1.0119
    3394       1.0175
    3396       1.0485
    3398       1.0569
    3400       0.9857
    3402       1.0063
    3404       1.0467
    3406       1.0093
    3408       1.0952
    3410       1.0911
    3412       1.0321
    3414       1.0871
    3416       1.0836
    3418       1.1487
    3420       1.0467
    3422       1.1157
    3424       1.0435
    3426       1.1426
    3428       1.1221
    3430       1.0866
    3432       1.1442
    3434       1.0633
    3436       1.0923
    3438       1.0593
    3440       0.9661
    3442       1.0178
    3444       1.0396
    3446       1.0980
    3448       1.1818
    3450       1.2702
    3452       1.2854
    3454       1.3035
    3456       1.2844
    3458       1.3216
    3460       1.3618
    3462       1.4176
    3464       1.4909
    3466       1.4173
    3468       1.5027
    3470       1.3876
    3472       1.4556
    3474       1.4422
    3476       1.4212
    3478       1.4060
    3480       1.4240
    3482       1.3510
    3484       1.2663
    3486       1.3046
    3488       1.4476
    3490       1.2601
    3492       1.1247
    3494       1.3597
    3496       1.3269
    3498       1.3345
    3500       1.3061
    3502       1.4484
    3504       1.3142
    3506       1.1687
    3508       1.1721
    3510       1.3269
    3512       1.6312
    3514       1.7527
    3516       1.6256
    3518       1.6022
    3520       1.7161
    3522       1.5671
    3524       1.4577
    3526       1.4913
    3528       1.4705
    3530       1.4668
    3532       1.4686
    3534       1.4095
    3536       1.5382
    3538       1.4628
    3540       1.5785
    3542       1.5385
    3544       1.4642
    3546       1.5036
    3548       1.5788
    3550       1.5727
    3552       1.5509
    3554       1.5977
    3556       1.7355
    3558       1.9038
    3560       1.7240
    3562       1.7005
    3564       1.7485
    3566       1.7194
    3568       1.7569
    3570       1.6681
    3572       1.7220
    3574       1.8091
    3576       1.8570
    3578       1.9384
    3580       1.8940
    3582       1.9296
    3584       1.9110
    3586       1.9265
    3588       1.7831
    3590       1.7930
    3592       1.8187
    3594       1.8604
    3596       1.8810
    3598       1.9218
    3600       1.8847
    3602       1.8742
    3604       1.8617
    3606       1.8634
    3608       1.8155
    3610       1.9792
    3612       1.9719
    3614       1.9175
    3616       1.8949
    3618       1.8876
    3620       1.8161
    3622       1.7820
    3624       1.9102
    3626       1.8787
    3628       1.9346
    3630       1.6697
    3632       1.6678
    3634       1.6735
    3636       1.7465
    3638       1.8967
    3640       1.8271
    3642       1.8177
    3644       1.7989
    3646       1.9071
    3648       1.8580
    3650       1.9318
    3652       1.7946
    3654       1.9094
    3656       2.0126
    3658       1.9383
    3660       1.9392
    3662       1.8986
    3664       1.9615
    3666       1.8943
    3668       1.9676
    3670       1.9701
    3672       1.9013
    3674       1.9241
    3676       1.9830
    3678       1.9255
    3680       2.0551
    3682       1.8475
    3684       1.9353
    3686       1.7976
    3688       1.8867
    3690       1.9389
    3692       1.8101
    3694       1.8703
    3696       1.6898
    3698       1.7060
    3700       1.7929
    3702       1.7798
    3704       1.8180
    3706       2.0078
    3708       1.9101
    3710       1.9103
    3712       1.9464
    3714       1.8782
    3716       1.8081
    3718       1.7614
    3720       1.8377
    3722       1.9430
    3724       1.9969
    3726       1.9957
    3728       1.9529
    3730       1.8434
    3732       1.9401
    3734       1.9218
    3736       2.0197
    3738       2.0210
    3740       1.8596
    3742       1.8986
    3744       1.8218
    3746       1.8779
    3748       1.9109
    3750       1.8121
    3752       1.8981
    3754       1.9763
    3756       2.0024
    3758       2.0346
    3760       2.0104
    3762       1.9879
    3764       1.8768
    3766       1.8054
    3768       1.8333
    3770       1.9127
    3772       1.9419
    3774       1.8577
    3776       1.7539
    3778       1.8719
    3780       1.8967
    3782       1.7250
    3784       1.8813
    3786       1.8423
    3788       1.8586
    3790       1.7619
    3792       1.8757
    3794       1.8499
    3796       1.9029
    3798       1.8481
    3800       1.7790
    3802       1.8279
    3804       1.9501
    3806       2.0112
    3808       1.9793
    3810       1.9992
    3812       1.9798
    3814       1.9888
    3816       2.0117
    3818       1.9460
    3820       1.9587
    3822       1.9901
    3824       2.0776
    3826       1.9938
    3828       2.0381
    3830       2.1058
    3832       2.1194
    3834       1.9886
    3836       2.1243
    3838       2.2021
    3840       2.0543
    3842       2.0847
    3844       2.0700
    3846       2.0447
    3848       2.0493
    3850       1.9434
    3852       1.9302
    3854       2.0784
    3856       2.0336
    3858       1.8999
    3860       1.8835
    3862       1.8944
    3864       1.8477
    3866       1.7629
    3868       1.8236
    3870       1.7485
    3872       1.6673
    3874       1.6778
    3876       1.8021
    3878       1.8229
    3880       1.7838
    3882       1.6629
    3884       1.6966
    3886       1.7034
    3888       1.7215
    3890       1.7757
    3892       1.6744
    3894       1.6294
    3896       1.6701
    3898       1.6401
    3900       1.5398
    3902       1.7569
    3904       1.7688
    3906       1.7539
    3908       1.7374
    3910       1.7948
    3912       1.7895
    3914       1.7795
    3916       1.7488
    3918       1.6244
    3920       1.5637
    3922       1.5856
    3924       1.7403
    3926       1.6732
    3928       1.7096
    3930       1.7135
    3932       1.8357
    3934       1.7364
    3936       1.7340
    3938       1.6681
    3940       1.8158
    3942       1.5051
    3944       1.6919
    3946       1.6535
    3948       1.6506
    3950       1.6140
    3952       1.7676
    3954       1.7404
    3956       1.8040
    3958       1.7612
    3960       1.8168
    3962       1.7067
    3964       1.7498
    3966       1.7953
    3968       1.6924
    3970       1.6000
    3972       1.6377
    3974       1.6381
    3976       1.6843
    3978       1.6703
    3980       1.6586
    3982       1.6614
    3984       1.6216
    3986       1.6399
    3988       1.7207
    3990       1.6254
    3992       1.6606
    3994       1.6835
    3996       1.8292
    3998       1.6062
    4000       1.6643
    4002       1.5984
    4004       1.7111
    4006       1.8253
    4008       1.6368
    4010       1.7642
    4012       1.6780
    4014       1.7381
    4016       1.7552
    4018       1.7613
    4020       1.8602
    4022       1.7992
    4024       1.8164
    4026       1.8192
    4028       1.8440
    4030       1.7753
    4032       1.7948
    4034       1.8584
    4036       1.6735
    4038       1.7328
    4040       1.7621
    4042       1.8237
    4044       1.7175
    4046       1.7717
    4048       1.7332
    4050       1.7192
    4052       1.5710
    4054       1.5675
    4056       1.5940
    4058       1.6205
    4060       1.7559
    4062       1.5942
    4064       1.4749
    4066       1.5541
    4068       1.7306
    4070       1.6581
    4072       1.6973
    4074       1.7382
    4076       1.6831
    4078       1.7231
    4080       1.6678
    4082       1.6959
    4084       1.7282
    4086       1.7473
    4088       1.7880
    4090       1.7542
    4092       1.7488
    4094       1.7306
    4096       1.7194
    4098       1.6729
    4100       1.6680
    4102       1.6903
    4104       1.8164
    4106       1.7306
    4108       1.6817
    4110       1.6947
    4112       1.8088
    4114       1.6658
    4116       1.8659
    4118       1.6920
    4120       1.6915
    4122       1.7346
    4124       1.7316
    4126       1.6752
    4128       1.6472
    4130       1.6926
    4132       1.6825
    4134       1.5960
    4136       1.6008
    4138       1.6350
    4140       1.7563
    4142       1.7546
    4144       1.6602
    4146       1.7039
    4148       1.7237
    4150       1.7800
    4152       1.7891
    4154       1.7175
    4156       1.8320
    4158       1.8469
    4160       1.8965
    4162       1.8744
    4164       1.8622
    4166       1.8468
    4168       1.9176
    4170       1.9074
    4172       1.8694
    4174       1.8404
    4176       1.7532
    4178       1.8411
    4180       1.8409
    4182       1.7778
    4184       1.8113
    4186       1.8252
    4188       1.8634
    4190       1.8008
    4192       1.7584
    4194       1.7260
    4196       1.7462
    4198       1.6611
    4200       1.7445
    4202       1.6132
    4204       1.7453
    4206       1.7954
    4208       1.7855
    4210       1.8179
    4212       1.7911
    4214       1.9140
    4216       1.7781
    4218       1.7762
    4220       1.7282
    4222       1.7638
    4224       1.7955
    4226       1.7873
    4228       2.0406
    4230       1.9339
    4232       1.8781
    4234       1.8719
    4236       1.9480
    4238       1.9273
    4240       1.9719
    4242       1.9045
    4244       1.8138
    4246       1.7954
    4248       1.7097
    4250       1.6495
    4252       1.8732
    4254       1.7958
    4256       1.7123
    4258       1.7054
    4260       1.6959
    4262       1.7755
    4264       1.6116
    4266       1.6813
    4268       1.7010
    4270       1.7764
    4272       1.8552
    4274       1.7670
    4276       1.8436
    4278       1.6085
    4280       1.6878
    4282       1.7033
    4284       1.8161
    4286       1.6751
    4288       1.7550
    4290       1.8182
    4292       1.7858
    4294       1.7635
    4296       1.8128
    4298       1.8004
    4300       1.8437
    4302       1.8504
    4304       1.7888
    4306       1.9174
    4308       1.9275
    4310       1.9332
    4312       2.0438
    4314       1.9791
    4316       2.0077
    4318       2.0536
    4320       1.9810
    4322       1.8716
    4324       1.7911
    4326       1.7596
    4328       1.8302
    4330       1.8209
    4332       1.8650
    4334       1.7725
    4336       1.7982
    4338       1.8824
    4340       1.8508
    4342       1.6806
    4344       1.6779
    4346       1.7428
    4348       1.8996
    4350       1.9047
    4352       1.9422
    4354       1.9371
    4356       1.8427
    4358       1.8876
    4360       1.7546
    4362       1.7297
    4364       1.7013
    4366       1.7645
    4368       1.7546
    4370       1.6833
    4372       1.7514
    4374       1.6300
    4376       1.5986
    4378       1.6001
    4380       1.6066
    4382       1.6491
    4384       1.6967
    4386       1.8689
    4388       1.8536
    4390       1.8680
    4392       1.8009
    4394       1.7329
    4396       1.7893
    4398       1.8842
    4400       1.7031
    4402       1.7388
    4404       1.7659
    4406       1.9302
    4408       1.9265
    4410       1.9169
    4412       1.8339
    4414       1.7417
    4416       1.7221
    4418       1.9143
    4420       1.9488
    4422       1.8849
    4424       1.8301
    4426       1.7491
    4428       1.7072
    4430       1.7486
    4432       1.8644
    4434       1.8707
    4436       2.0041
    4438       1.8196
    4440       1.8463
    4442       1.8947
    4444       2.1165
    4446       1.9942
    4448       1.9592
    4450       1.7243
    4452       1.7535
    4454       1.6688
    4456       1.8413
    4458       1.8178
    4460       1.6947
    4462       1.8146
    4464       1.7636
    4466       1.8658
    4468       1.8178
    4470       1.8102
    4472       1.7663
    4474       1.9577
    4476       1.8747
    4478       1.8893
    4480       1.8856
    4482       1.8020
    4484       1.9093
    4486       1.9070
    4488       1.8820
    4490       1.8752
    4492       1.8106
    4494       1.7627
    4496       1.6895
    4498       1.7349
    4500       1.7632
    4502       1.7723
    4504       1.7748
    4506       1.8207
    4508       1.8508
    4510       1.7725
    4512       1.9292
    4514       1.7030
    4516       1.8849
    4518       1.8654
    4520       1.7811
    4522       1.8399
    4524       1.7871
    4526       1.8550
    4528       1.7873
    4530       1.8197
    4532       1.8035
    4534       1.7844
    4536       1.7298
    4538       1.7740
    4540       1.8927
    4542       1.8207
    4544       1.9026
    4546       1.8733
    4548       1.8613
    4550       1.8398
    4552       1.6286
    4554       1.8644
    4556       1.8076
    4558       1.8867
    4560       1.7671
    4562       1.7272
    4564       1.7884
    4566       1.7740
    4568       1.8293
    4570       1.8218
    4572       1.6999
    4574       1.7884
    4576       1.8500
    4578       1.8555
    4580       2.0039
    4582       1.9561
    4584       1.9531
    4586       2.0501
    4588       2.1646
    4590       2.0387
    4592       2.0112
    4594       1.9560
    4596       1.9390
    4598       1.9070
    4600       1.8891
    4602       1.8856
    4604       1.9818
    4606       1.9195
    4608       1.9404
    4610       2.0379
    4612       1.9005
    4614       1.9455
    4616       1.9938
    4618       1.9737
    4620       1.9335
    4622       1.8812
    4624       1.9675
    4626       1.8808
    4628       2.0233
    4630       1.8485
    4632       1.8368
    4634       1.8869
    4636       1.9527
    4638       2.0479
    4640       1.9847
    4642       1.9012
    4644       1.8805
    4646       1.8709
    4648       1.8065
    4650       1.8185
    4652       1.8622
    4654       1.6917
    4656       1.6836
    4658       1.7242
    4660       1.7535
    4662       1.8468
    4664       1.7090
    4666       1.6831
    4668       1.7862
    4670       1.9196
    4672       1.8284
    4674       1.7864
    4676       1.9383
    4678       1.8755
    4680       1.9200
    4682       1.8883
    4684       1.9187
    4686       1.8466
    4688       1.7642
    4690       1.8905
    4692       1.7956
    4694       1.8989
    4696       1.7476
    4698       1.8848
    4700       1.8811
    4702       1.9261
    4704       1.8813
    4706       1.8426
    4708       2.0575
    4710       1.9536
    4712       1.9996
    4714       2.0268
    4716       1.9982
    4718       2.0429
    4720       2.0769
    4722       2.0837
    4724       2.0539
    4726       1.9371
    4728       1.9287
    4730       1.8889
    4732       1.7697
    4734       1.9768
    4736       1.9085
    4738       2.0420
    4740       1.8964
    4742       1.9418
    4744       1.9248
    4746       2.2051
    4748       2.1346
    4750       2.1701
    4752       2.1529
    4754       2.0520
    4756       2.0775
    4758       1.8824
    4760       2.0289
    4762       2.0187
    4764       2.0887
    4766       2.2072
    4768       2.0871
    4770       2.0022
    4772       1.8950
    4774       1.9460
    4776       2.1453
    4778       2.0291
    4780       2.0550
    4782       2.0146
    4784       2.0688
    4786       2.0318
    4788       1.9315
    4790       2.0179
    4792       2.0388
    4794       2.0985
    4796       2.0051
    4798       2.0610
    4800       2.1371
