0 BB_to_ref
2 0.1776
4 0.1774
6 0.1772
8 0.1766
10 0.1768
12 0.1771
14 0.1773
16 0.1778
18 0.1776
20 0.1771
22 0.1776
24 0.1776
26 0.1766
28 0.1770
30 0.1770
32 0.1789
34 0.1789
36 0.1772
38 0.1792
40 0.1778
42 0.1782
44 0.1777
46 0.1770
48 0.1787
50 0.1786
52 0.1772
54 0.1786
56 0.1780
58 0.1789
60 0.1781
62 0.1784
64 0.1790
66 0.1769
68 0.1790
70 0.1790
72 0.1773
74 0.1764
76 0.1781
78 0.1766
80 0.1770
82 0.1779
84 0.1773
86 0.1787
88 0.1783
90 0.1789
92 0.1788
94 0.1774
96 0.1784
98 0.1790
100 0.1776
102 0.1784
104 0.1784
106 0.1785
108 0.1784
110 0.1792
112 0.1789
114 0.1782
116 0.1807
118 0.1776
120 0.1774
122 0.1805
124 0.1785
126 0.1801
128 0.1795
130 0.1772
132 0.1778
134 0.1778
136 0.1769
138 0.1791
140 0.1790
142 0.1791
144 0.1774
146 0.1792
148 0.1782
150 0.1783
152 0.1789
154 0.1789
156 0.1793
158 0.1788
160 0.1786
162 0.1801
164 0.1792
166 0.1803
168 0.1787
170 0.1777
172 0.1782
174 0.1789
176 0.1794
178 0.1812
180 0.1789
182 0.1814
184 0.1798
186 0.1781
188 0.1786
190 0.1790
192 0.1797
194 0.1796
196 0.1798
198 0.1796
200 0.1812
202 0.1784
204 0.1808
206 0.1798
208 0.1786
210 0.1802
212 0.1802
214 0.1790
216 0.1771
218 0.1783
220 0.1779
222 0.1787
224 0.1794
226 0.1819
228 0.1795
230 0.1787
232 0.1799
234 0.1781
236 0.1800
238 0.1789
240 0.1776
242 0.1807
244 0.1804
246 0.1785
248 0.1790
250 0.1787
252 0.1788
254 0.1803
256 0.1786
258 0.1806
260 0.1811
262 0.1816
264 0.1785
266 0.1797
268 0.1787
270 0.1796
272 0.1799
274 0.1793
276 0.1793
278 0.1791
280 0.1789
282 0.1787
284 0.1803
286 0.1793
288 0.1814
290 0.1806
292 0.1806
294 0.1810
296 0.1809
298 0.1787
300 0.1796
302 0.1824
304 0.1793
306 0.1789
308 0.1775
310 0.1804
312 0.1817
314 0.1802
316 0.1788
318 0.1799
320 0.1793
322 0.1793
324 0.1808
326 0.1816
328 0.1806
330 0.1768
332 0.1798
334 0.1799
336 0.1796
338 0.1824
340 0.1780
342 0.1781
344 0.1804
346 0.1804
348 0.1804
350 0.1814
352 0.1821
354 0.1807
356 0.1836
358 0.1786
360 0.1818
362 0.1809
364 0.1812
366 0.1835
368 0.1822
370 0.1814
372 0.1803
374 0.1824
376 0.1811
378 0.1823
380 0.1803
382 0.1824
384 0.1804
386 0.1814
388 0.1803
390 0.1808
392 0.1807
394 0.1836
396 0.1824
398 0.1838
400 0.1821
402 0.1805
404 0.1805
406 0.1808
408 0.1828
410 0.1805
412 0.1810
414 0.1800
416 0.1817
418 0.1799
420 0.1823
422 0.1811
424 0.1813
426 0.1802
428 0.1832
430 0.1818
432 0.1825
434 0.1851
436 0.1816
438 0.1825
440 0.1831
442 0.1828
444 0.1804
446 0.1816
448 0.1808
450 0.1802
452 0.1834
454 0.1833
456 0.1819
458 0.1842
460 0.1787
462 0.1813
464 0.1818
466 0.1803
468 0.1827
470 0.1810
472 0.1793
474 0.1799
476 0.1814
478 0.1829
480 0.1836
482 0.1787
484 0.1806
486 0.1820
488 0.1846
490 0.1832
492 0.1826
494 0.1837
496 0.1856
498 0.1818
500 0.1814
500 BB_to_ref
502 0.1886
504 0.1820
506 0.1839
508 0.1858
510 0.1841
512 0.1879
514 0.1834
516 0.1861
518 0.1845
520 0.1819
522 0.1859
524 0.1851
526 0.1862
528 0.1891
530 0.1854
532 0.1865
534 0.1867
536 0.1839
538 0.1862
540 0.1855
542 0.1870
544 0.1873
546 0.1858
548 0.1830
550 0.1859
552 0.1835
554 0.1891
556 0.1874
558 0.1830
560 0.1847
562 0.1826
564 0.1850
566 0.1900
568 0.1883
570 0.1863
572 0.1830
574 0.1881
576 0.1841
578 0.1859
580 0.1875
582 0.1848
584 0.1885
586 0.1884
588 0.1851
590 0.1908
592 0.1882
594 0.1830
596 0.1884
598 0.1888
600 0.1854
602 0.1862
604 0.1852
606 0.1843
608 0.1866
610 0.1840
612 0.1928
614 0.1868
616 0.1858
618 0.1862
620 0.1849
622 0.1913
624 0.1858
626 0.1895
628 0.1868
630 0.1851
632 0.1896
634 0.1878
636 0.1883
638 0.1868
640 0.1885
642 0.1868
644 0.1901
646 0.1846
648 0.1897
650 0.1877
652 0.1848
654 0.1865
656 0.1896
658 0.1894
660 0.1878
662 0.1870
664 0.1922
666 0.1898
668 0.1832
670 0.1900
672 0.1885
674 0.1855
676 0.1855
678 0.1893
680 0.1845
682 0.1866
684 0.1861
686 0.1881
688 0.1830
690 0.1865
692 0.1879
694 0.1902
696 0.1897
698 0.1869
700 0.1906
702 0.1871
704 0.1900
706 0.1882
708 0.1896
710 0.1921
712 0.1846
714 0.1839
716 0.1900
718 0.1880
720 0.1867
722 0.1877
724 0.1883
726 0.1915
728 0.1890
730 0.1880
732 0.1868
734 0.1885
736 0.1897
738 0.1898
740 0.1861
742 0.1904
744 0.1901
746 0.1875
748 0.1920
750 0.1868
752 0.1846
754 0.1869
756 0.1899
758 0.1847
760 0.1880
762 0.1919
764 0.1921
766 0.1846
768 0.1907
770 0.1883
772 0.1869
774 0.1892
776 0.1876
778 0.1875
780 0.1894
782 0.1887
784 0.1883
786 0.1906
788 0.1916
790 0.1879
792 0.1864
794 0.1886
796 0.1913
798 0.1879
800 0.1896
802 0.1922
804 0.1848
806 0.1877
808 0.1906
810 0.1884
812 0.1870
814 0.1927
816 0.1915
818 0.1921
820 0.1932
822 0.1919
824 0.1910
826 0.1884
828 0.1914
830 0.1904
832 0.1914
834 0.1929
836 0.1863
838 0.1933
840 0.1883
842 0.1895
844 0.1953
846 0.1899
848 0.1906
850 0.1885
852 0.1882
854 0.1914
856 0.1885
858 0.1939
860 0.1920
862 0.1889
864 0.1879
866 0.1900
868 0.1917
870 0.1953
872 0.1920
874 0.1918
876 0.1877
878 0.1902
880 0.1902
882 0.1950
884 0.1880
886 0.1948
888 0.1958
890 0.1947
892 0.1936
894 0.1905
896 0.1935
898 0.1918
900 0.1928
902 0.1899
904 0.1910
906 0.1894
908 0.1919
910 0.1913
912 0.1927
914 0.1950
916 0.1931
918 0.1881
920 0.1920
922 0.1888
924 0.1943
926 0.1915
928 0.1890
930 0.1908
932 0.1931
934 0.1942
936 0.1904
938 0.1933
940 0.1939
942 0.1979
944 0.1957
946 0.1961
948 0.1911
950 0.1945
952 0.1952
954 0.1902
956 0.1924
958 0.1944
960 0.1889
962 0.1931
964 0.1930
966 0.1945
968 0.1928
970 0.1904
972 0.1904
974 0.1895
976 0.1943
978 0.1914
980 0.1908
982 0.1898
984 0.1902
986 0.1930
988 0.1942
990 0.1942
992 0.1963
994 0.1930
996 0.1942
998 0.1956
1000 0.1812
1000 BB_to_ref
1002 0.1963
1004 0.1965
1006 0.1946
1008 0.1969
1010 0.1961
1012 0.1991
1014 0.1929
1016 0.1966
1018 0.1973
1020 0.1938
1022 0.1974
1024 0.1967
1026 0.1997
1028 0.1957
1030 0.2008
1032 0.1896
1034 0.1949
1036 0.1965
1038 0.2005
1040 0.1970
1042 0.1914
1044 0.2034
1046 0.1962
1048 0.1967
1050 0.1939
1052 0.2027
1054 0.1962
1056 0.1982
1058 0.1948
1060 0.1948
1062 0.1940
1064 0.1945
1066 0.1944
1068 0.1906
1070 0.1960
1072 0.1962
1074 0.1925
1076 0.1977
1078 0.1912
1080 0.1971
1082 0.1974
1084 0.2036
1086 0.2006
1088 0.1996
1090 0.1946
1092 0.1907
1094 0.1951
1096 0.1966
1098 0.2080
1100 0.2007
1102 0.1992
1104 0.2014
1106 0.1961
1108 0.1966
1110 0.1983
1112 0.1935
1114 0.1949
1116 0.1957
1118 0.1980
1120 0.1946
1122 0.2013
1124 0.2017
1126 0.1947
1128 0.1890
1130 0.1972
1132 0.1991
1134 0.1934
1136 0.2029
1138 0.2029
1140 0.1960
1142 0.2040
1144 0.1985
1146 0.2005
1148 0.2018
1150 0.1992
1152 0.1956
1154 0.2001
1156 0.1952
1158 0.1965
1160 0.1960
1162 0.1929
1164 0.1972
1166 0.2007
1168 0.2040
1170 0.1963
1172 0.2029
1174 0.2072
1176 0.1989
1178 0.2021
1180 0.1982
1182 0.2025
1184 0.1932
1186 0.2016
1188 0.2003
1190 0.2034
1192 0.2047
1194 0.1948
1196 0.1996
1198 0.2048
1200 0.2008
1202 0.1987
1204 0.2014
1206 0.1966
1208 0.2062
1210 0.1964
1212 0.1998
1214 0.1997
1216 0.1990
1218 0.1980
1220 0.2003
1222 0.1975
1224 0.1983
1226 0.2038
1228 0.1998
1230 0.2011
1232 0.1983
1234 0.1967
1236 0.2065
1238 0.2086
1240 0.2034
1242 0.1975
1244 0.1972
1246 0.1970
1248 0.1959
1250 0.2033
1252 0.2029
1254 0.2021
1256 0.1936
1258 0.2001
1260 0.2009
1262 0.2026
1264 0.2007
1266 0.2010
1268 0.2051
1270 0.1958
1272 0.2028
1274 0.1980
1276 0.1984
1278 0.1979
1280 0.2032
1282 0.2034
1284 0.1981
1286 0.1995
1288 0.2033
1290 0.2008
1292 0.2099
1294 0.2013
1296 0.1978
1298 0.2053
1300 0.2083
1302 0.2084
1304 0.2044
1306 0.1986
1308 0.2007
1310 0.2011
1312 0.2028
1314 0.2045
1316 0.2017
1318 0.2065
1320 0.2070
1322 0.2036
1324 0.2041
1326 0.2034
1328 0.2037
1330 0.2076
1332 0.2057
1334 0.1968
1336 0.2044
1338 0.2037
1340 0.2092
1342 0.2044
1344 0.2033
1346 0.2090
1348 0.2064
1350 0.2009
1352 0.2071
1354 0.2008
1356 0.2035
1358 0.2030
1360 0.1953
1362 0.2050
1364 0.2005
1366 0.2099
1368 0.2031
1370 0.2085
1372 0.2007
1374 0.2028
1376 0.2036
1378 0.2034
1380 0.1999
1382 0.2004
1384 0.2066
1386 0.2019
1388 0.2029
1390 0.2049
1392 0.2096
1394 0.1997
1396 0.2093
1398 0.2106
1400 0.2015
1402 0.2102
1404 0.2041
1406 0.2047
1408 0.2035
1410 0.2039
1412 0.2043
1414 0.2100
1416 0.2026
1418 0.2070
1420 0.2076
1422 0.2054
1424 0.2029
1426 0.2072
1428 0.2082
1430 0.2044
1432 0.2056
1434 0.2107
1436 0.1976
1438 0.2096
1440 0.2090
1442 0.2015
1444 0.2009
1446 0.2020
1448 0.2066
1450 0.2079
1452 0.2036
1454 0.2069
1456 0.2069
1458 0.2050
1460 0.2013
1462 0.2015
1464 0.2024
1466 0.2096
1468 0.2069
1470 0.2168
1472 0.2104
1474 0.2037
1476 0.2097
1478 0.2101
1480 0.2098
1482 0.2136
1484 0.2044
1486 0.1998
1488 0.2064
1490 0.2032
1492 0.2074
1494 0.2057
1496 0.2028
1498 0.2061
1500 0.1678
1500 BB_to_ref
1502 0.0005
1504 0.2089
1506 0.2062
1508 0.2183
1510 0.2073
1512 0.2087
1514 0.2081
1516 0.2112
1518 0.2100
1520 0.2100
1522 0.2152
1524 0.2108
1526 0.2079
1528 0.2121
1530 0.2074
1532 0.2160
1534 0.2082
1536 0.2054
1538 0.2128
1540 0.2106
1542 0.2030
1544 0.2032
1546 0.2097
1548 0.2092
1550 0.2065
1552 0.2081
1554 0.2180
1556 0.2029
1558 0.2047
1560 0.2099
1562 0.2143
1564 0.2064
1566 0.2094
1568 0.2092
1570 0.2135
1572 0.2151
1574 0.2139
1576 0.2038
1578 0.2086
1580 0.2136
1582 0.2036
1584 0.2084
1586 0.2134
1588 0.2039
1590 0.2119
1592 0.2137
1594 0.2099
1596 0.2023
1598 0.2080
1600 0.2075
1602 0.2070
1604 0.2107
1606 0.2045
1608 0.2102
1610 0.2094
1612 0.2129
1614 0.2169
1616 0.2014
1618 0.2095
1620 0.2119
1622 0.2117
1624 0.2144
1626 0.2013
1628 0.2093
1630 0.2112
1632 0.2111
1634 0.2141
1636 0.2188
1638 0.2140
1640 0.2141
1642 0.2070
1644 0.2116
1646 0.2057
1648 0.2049
1650 0.2106
1652 0.2122
1654 0.2104
1656 0.2098
1658 0.2115
1660 0.2139
1662 0.2106
1664 0.2052
1666 0.2169
1668 0.2118
1670 0.2129
1672 0.2063
1674 0.2051
1676 0.2015
1678 0.2067
1680 0.2001
1682 0.2159
1684 0.2075
1686 0.2089
1688 0.2079
1690 0.2055
1692 0.2041
1694 0.2187
1696 0.2131
1698 0.2058
1700 0.2088
1702 0.2097
1704 0.2051
1706 0.2136
1708 0.2216
1710 0.2068
1712 0.2034
1714 0.2047
1716 0.2130
1718 0.2160
1720 0.2117
1722 0.2111
1724 0.2104
1726 0.2126
1728 0.2054
1730 0.2098
1732 0.2107
1734 0.2074
1736 0.2048
1738 0.2023
1740 0.2085
1742 0.2096
1744 0.2157
1746 0.2140
1748 0.2104
1750 0.2058
1752 0.2150
1754 0.1989
1756 0.2151
1758 0.2129
1760 0.2170
1762 0.2144
1764 0.2023
1766 0.2075
1768 0.2135
1770 0.2175
1772 0.2043
1774 0.2055
1776 0.2074
1778 0.2075
1780 0.2061
1782 0.2117
1784 0.2146
1786 0.2040
1788 0.2068
1790 0.2143
1792 0.2175
1794 0.2093
1796 0.2062
1798 0.2068
1800 0.2093
1802 0.2095
1804 0.2147
1806 0.2096
1808 0.2152
1810 0.2123
1812 0.2124
1814 0.2129
1816 0.2053
1818 0.2137
1820 0.2203
1822 0.2174
1824 0.2087
1826 0.2155
1828 0.2150
1830 0.2142
1832 0.2078
1834 0.2130
1836 0.2090
1838 0.2128
1840 0.2100
1842 0.2095
1844 0.2037
1846 0.2068
1848 0.2039
1850 0.2173
1852 0.2112
1854 0.2133
1856 0.2135
1858 0.2163
1860 0.2076
1862 0.2093
1864 0.2101
1866 0.2204
1868 0.2072
1870 0.2122
1872 0.2071
1874 0.2083
1876 0.2109
1878 0.2020
1880 0.2124
1882 0.2076
1884 0.2122
1886 0.2089
1888 0.2121
1890 0.2104
1892 0.2055
1894 0.2134
1896 0.2112
1898 0.2112
1900 0.2107
1902 0.2050
1904 0.2129
1906 0.2104
1908 0.2127
1910 0.2133
1912 0.2043
1914 0.2141
1916 0.2072
1918 0.2057
1920 0.2083
1922 0.2033
1924 0.2152
1926 0.2111
1928 0.2118
1930 0.2152
1932 0.2131
1934 0.2104
1936 0.2058
1938 0.2116
1940 0.2130
1942 0.2163
1944 0.2045
1946 0.2041
1948 0.2068
1950 0.2059
1952 0.2070
1954 0.2058
1956 0.2084
1958 0.2107
1960 0.2120
1962 0.1994
1964 0.2056
1966 0.2108
1968 0.2149
1970 0.2017
1972 0.2223
1974 0.2136
1976 0.2078
1978 0.2055
1980 0.2165
1982 0.2020
1984 0.2129
1986 0.2174
1988 0.2069
1990 0.2082
1992 0.2063
1994 0.2139
1996 0.2151
1998 0.2083
2000 0.2158
2000 BB_to_ref
2002 0.2606
2004 0.2572
2006 0.2612
2008 0.2733
2010 0.2642
2012 0.2742
2014 0.2616
2016 0.2612
2018 0.2687
2020 0.2519
2022 0.2609
2024 0.2689
2026 0.2602
2028 0.2766
2030 0.2699
2032 0.2614
2034 0.2736
2036 0.2616
2038 0.2700
2040 0.2749
2042 0.2641
2044 0.2668
2046 0.2759
2048 0.2617
2050 0.2745
2052 0.2612
2054 0.2692
2056 0.2546
2058 0.2714
2060 0.2558
2062 0.2686
2064 0.2650
2066 0.2639
2068 0.2679
2070 0.2715
2072 0.2739
2074 0.2658
2076 0.2732
2078 0.2638
2080 0.2692
2082 0.2632
2084 0.2628
2086 0.2596
2088 0.2596
2090 0.2694
2092 0.2680
2094 0.2589
2096 0.2725
2098 0.2750
2100 0.2663
2102 0.2654
2104 0.2662
2106 0.2685
2108 0.2650
2110 0.2662
2112 0.2639
2114 0.2633
2116 0.2688
2118 0.2743
2120 0.2607
2122 0.2724
2124 0.2710
2126 0.2648
2128 0.2747
2130 0.2748
2132 0.2774
2134 0.2610
2136 0.2704
2138 0.2622
2140 0.2681
2142 0.2593
2144 0.2507
2146 0.2625
2148 0.2567
2150 0.2691
2152 0.2631
2154 0.2595
2156 0.2554
2158 0.2686
2160 0.2664
2162 0.2635
2164 0.2638
2166 0.2734
2168 0.2517
2170 0.2628
2172 0.2622
2174 0.2562
2176 0.2699
2178 0.2557
2180 0.2706
2182 0.2592
2184 0.2631
2186 0.2590
2188 0.2548
2190 0.2655
2192 0.2600
2194 0.2649
2196 0.2593
2198 0.2609
2200 0.2699
2202 0.2703
2204 0.2754
2206 0.2566
2208 0.2694
2210 0.2760
2212 0.2679
2214 0.2658
2216 0.2622
2218 0.2661
2220 0.2689
2222 0.2670
2224 0.2622
2226 0.2772
2228 0.2669
2230 0.2471
2232 0.2656
2234 0.2717
2236 0.2652
2238 0.2503
2240 0.2632
2242 0.2646
2244 0.2615
2246 0.2790
2248 0.2645
2250 0.2777
2252 0.2643
2254 0.2666
2256 0.2621
2258 0.2549
2260 0.2654
2262 0.2646
2264 0.2652
2266 0.2656
2268 0.2690
2270 0.2622
2272 0.2723
2274 0.2586
2276 0.2640
2278 0.2666
2280 0.2529
2282 0.2638
2284 0.2594
2286 0.2635
2288 0.2651
2290 0.2701
2292 0.2672
2294 0.2705
2296 0.2832
2298 0.2750
2300 0.2599
2302 0.2708
2304 0.2676
2306 0.2581
2308 0.2606
2310 0.2658
2312 0.2712
2314 0.2560
2316 0.2726
2318 0.2631
2320 0.2617
2322 0.2628
2324 0.2634
2326 0.2641
2328 0.2629
2330 0.2566
2332 0.2523
2334 0.2568
2336 0.2611
2338 0.2644
2340 0.2677
2342 0.2672
2344 0.2691
2346 0.2691
2348 0.2756
2350 0.2723
2352 0.2708
2354 0.2665
2356 0.2582
2358 0.2709
2360 0.2728
2362 0.2657
2364 0.2726
2366 0.2790
2368 0.2670
2370 0.2644
2372 0.2616
2374 0.2616
2376 0.2631
2378 0.2580
2380 0.2578
2382 0.2609
2384 0.2636
2386 0.2579
2388 0.2762
2390 0.2760
2392 0.2562
2394 0.2671
2396 0.2591
2398 0.2607
2400 0.2649
2402 0.2698
2404 0.2709
2406 0.2556
2408 0.2555
2410 0.2565
2412 0.2745
2414 0.2709
2416 0.2778
2418 0.2650
2420 0.2589
2422 0.2702
2424 0.2789
2426 0.2705
2428 0.2645
2430 0.2572
2432 0.2713
2434 0.2604
2436 0.2526
2438 0.2670
2440 0.2615
2442 0.2669
2444 0.2801
2446 0.2637
2448 0.2548
2450 0.2645
2452 0.2771
2454 0.2823
2456 0.2536
2458 0.2663
2460 0.2670
2462 0.2626
2464 0.2574
2466 0.2738
2468 0.2696
2470 0.2703
2472 0.2691
2474 0.2520
2476 0.2680
2478 0.2598
2480 0.2690
2482 0.2639
2484 0.2693
2486 0.2672
2488 0.2615
2490 0.2649
2492 0.2647
2494 0.2633
2496 0.2613
2498 0.2622
2500 0.2561
2500 BB_to_ref
2502 0.3758
2504 0.3651
2506 0.3924
2508 0.4030
2510 0.4047
2512 0.3933
2514 0.3984
2516 0.4084
2518 0.3947
2520 0.3657
2522 0.3961
2524 0.3904
2526 0.4128
2528 0.3854
2530 0.3998
2532 0.3944
2534 0.3908
2536 0.3975
2538 0.4099
2540 0.4084
2542 0.3955
2544 0.4196
2546 0.4042
2548 0.4007
2550 0.3903
2552 0.3993
2554 0.4221
2556 0.4011
2558 0.4187
2560 0.4153
2562 0.4112
2564 0.4292
2566 0.4253
2568 0.4204
2570 0.4151
2572 0.3872
2574 0.3923
2576 0.4086
2578 0.3887
2580 0.3946
2582 0.3906
2584 0.3915
2586 0.3925
2588 0.3960
2590 0.3852
2592 0.3913
2594 0.4096
2596 0.3985
2598 0.3986
2600 0.3934
2602 0.3667
2604 0.4059
2606 0.3891
2608 0.3821
2610 0.4086
2612 0.3873
2614 0.4061
2616 0.3930
2618 0.3980
2620 0.3695
2622 0.3691
2624 0.3797
2626 0.3943
2628 0.4051
2630 0.3903
2632 0.3890
2634 0.3671
2636 0.3751
2638 0.4011
2640 0.3790
2642 0.3898
2644 0.3920
2646 0.4049
2648 0.3882
2650 0.3868
2652 0.3933
2654 0.3938
2656 0.3936
2658 0.4001
2660 0.3925
2662 0.3885
2664 0.3757
2666 0.4120
2668 0.3829
2670 0.3907
2672 0.3727
2674 0.3796
2676 0.4061
2678 0.3949
2680 0.4124
2682 0.3726
2684 0.3883
2686 0.3678
2688 0.3859
2690 0.3639
2692 0.3842
2694 0.3937
2696 0.3850
2698 0.4075
2700 0.3754
2702 0.4004
2704 0.3857
2706 0.3980
2708 0.3992
2710 0.4039
2712 0.3871
2714 0.3922
2716 0.3825
2718 0.4085
2720 0.4127
2722 0.3807
2724 0.3943
2726 0.4150
2728 0.4053
2730 0.4012
2732 0.3886
2734 0.3875
2736 0.3932
2738 0.4071
2740 0.3905
2742 0.3940
2744 0.3916
2746 0.3964
2748 0.3825
2750 0.3774
2752 0.4045
2754 0.4078
2756 0.3952
2758 0.3940
2760 0.3971
2762 0.3786
2764 0.3983
2766 0.4026
2768 0.4234
2770 0.3825
2772 0.4054
2774 0.4118
2776 0.4139
2778 0.4112
2780 0.3883
2782 0.4004
2784 0.4195
2786 0.4119
2788 0.4257
2790 0.3877
2792 0.3976
2794 0.4037
2796 0.3951
2798 0.4241
2800 0.3964
2802 0.4022
2804 0.3918
2806 0.4152
2808 0.4417
2810 0.4350
2812 0.3950
2814 0.4111
2816 0.3930
2818 0.4123
2820 0.4127
2822 0.4282
2824 0.4026
2826 0.4223
2828 0.3966
2830 0.3807
2832 0.3832
2834 0.4059
2836 0.3945
2838 0.3949
2840 0.3977
2842 0.3861
2844 0.4211
2846 0.4048
2848 0.3930
2850 0.4045
2852 0.3984
2854 0.4064
2856 0.3993
2858 0.4033
2860 0.3870
2862 0.3847
2864 0.4063
2866 0.3884
2868 0.3824
2870 0.4023
2872 0.3989
2874 0.3944
2876 0.3961
2878 0.4227
2880 0.4023
2882 0.3878
2884 0.3916
2886 0.3770
2888 0.3675
2890 0.3733
2892 0.3775
2894 0.3948
2896 0.3746
2898 0.3775
2900 0.3751
2902 0.3805
2904 0.4031
2906 0.4036
2908 0.4009
2910 0.3977
2912 0.4052
2914 0.3866
2916 0.3807
2918 0.3748
2920 0.4193
2922 0.4038
2924 0.3951
2926 0.3933
2928 0.4083
2930 0.3942
2932 0.4101
2934 0.4033
2936 0.3999
2938 0.4130
2940 0.3929
2942 0.4092
2944 0.4232
2946 0.4056
2948 0.3869
2950 0.3972
2952 0.4032
2954 0.4188
2956 0.4063
2958 0.4009
2960 0.4100
2962 0.3764
2964 0.4106
2966 0.4174
2968 0.4170
2970 0.4170
2972 0.4000
2974 0.3996
2976 0.4157
2978 0.4297
2980 0.4237
2982 0.4073
2984 0.4123
2986 0.4208
2988 0.4145
2990 0.4271
2992 0.4121
2994 0.4020
2996 0.4229
2998 0.4323
3000 0.4191
3002 0.4308
3004 0.4089
3006 0.3926
3008 0.4138
3010 0.3946
3012 0.4077
3014 0.3990
3016 0.4174
3018 0.3843
3020 0.4059
3022 0.3909
3024 0.3975
3026 0.3907
3028 0.3914
3030 0.4275
3032 0.4184
3034 0.4110
3036 0.4122
3038 0.4022
3040 0.4036
3042 0.3851
3044 0.4071
3046 0.3996
3048 0.3906
3050 0.4034
3052 0.4190
3054 0.4073
3056 0.4004
3058 0.3995
3060 0.3993
3062 0.4074
3064 0.3932
3066 0.3717
3068 0.4214
3070 0.4247
3072 0.3993
3074 0.4152
3076 0.4181
3078 0.3991
3080 0.4114
3082 0.3969
3084 0.4217
3086 0.4071
3088 0.4082
3090 0.3943
3092 0.3834
3094 0.3952
3096 0.4134
3098 0.4212
3100 0.4087
3102 0.3828
3104 0.4058
3106 0.3829
3108 0.4269
3110 0.4018
3112 0.4021
3114 0.4141
3116 0.4181
3118 0.4003
3120 0.4385
3122 0.4066
3124 0.3984
3126 0.4119
3128 0.4123
3130 0.4200
3132 0.4383
3134 0.4094
3136 0.4027
3138 0.4131
3140 0.4219
3142 0.3959
3144 0.4229
3146 0.3990
3148 0.4162
3150 0.4194
3152 0.4202
3154 0.4225
3156 0.4090
3158 0.4163
3160 0.3958
3162 0.4245
3164 0.4193
3166 0.4063
3168 0.4249
3170 0.4238
3172 0.4342
3174 0.4051
3176 0.4139
3178 0.4233
3180 0.4133
3182 0.4175
3184 0.4057
3186 0.3934
3188 0.4199
3190 0.4148
3192 0.4154
3194 0.4045
3196 0.4238
3198 0.4291
3200 0.4209
3202 0.4256
3204 0.4029
3206 0.4123
3208 0.4060
3210 0.4058
3212 0.4074
3214 0.4325
3216 0.4159
3218 0.4158
3220 0.4010
3222 0.3935
3224 0.4146
3226 0.4196
3228 0.4291
3230 0.4221
3232 0.4142
3234 0.4009
3236 0.4211
3238 0.4185
3240 0.4190
3242 0.4179
3244 0.4253
3246 0.4373
3248 0.4195
3250 0.3958
3252 0.4108
3254 0.4346
3256 0.4153
3258 0.4342
3260 0.4097
3262 0.4215
3264 0.4191
3266 0.4219
3268 0.4038
3270 0.4185
3272 0.3967
3274 0.4149
3276 0.4251
3278 0.4341
3280 0.4230
3282 0.4109
3284 0.4149
3286 0.4297
3288 0.4257
3290 0.4156
3292 0.4102
3294 0.4172
3296 0.4296
3298 0.4178
3300 0.4067
3302 0.3936
3304 0.3945
3306 0.4216
3308 0.4025
3310 0.3937
3312 0.4274
3314 0.3928
3316 0.4040
3318 0.4194
3320 0.3965
3322 0.4098
3324 0.4312
3326 0.4112
3328 0.4239
3330 0.4212
3332 0.4026
3334 0.4113
3336 0.4056
3338 0.4111
3340 0.3993
3342 0.3982
3344 0.3786
3346 0.4005
3348 0.4226
3350 0.4007
3352 0.3993
3354 0.4229
3356 0.4213
3358 0.4038
3360 0.4252
3362 0.4242
3364 0.3955
3366 0.3897
3368 0.3951
3370 0.4217
3372 0.4037
3374 0.3937
3376 0.3900
3378 0.3867
3380 0.3995
3382 0.3993
3384 0.4258
3386 0.4062
3388 0.4167
3390 0.4038
3392 0.4207
3394 0.4180
3396 0.4172
3398 0.4125
3400 0.4079
3402 0.4190
3404 0.4080
3406 0.4041
3408 0.4109
3410 0.4195
3412 0.4106
3414 0.4220
3416 0.3940
3418 0.4301
3420 0.3827
3422 0.4064
3424 0.4192
3426 0.4349
3428 0.4235
3430 0.4221
3432 0.3912
3434 0.4354
3436 0.4098
3438 0.4198
3440 0.4408
3442 0.3988
3444 0.3943
3446 0.4071
3448 0.4233
3450 0.4196
3452 0.4080
3454 0.4028
3456 0.4026
3458 0.3905
3460 0.3925
3462 0.3738
3464 0.4024
3466 0.4136
3468 0.4019
3470 0.3868
3472 0.3838
3474 0.4116
3476 0.4220
3478 0.4098
3480 0.3933
3482 0.3839
3484 0.4123
3486 0.4111
3488 0.4008
3490 0.4273
3492 0.4155
3494 0.4216
3496 0.4186
3498 0.3927
3500 0.3863
3500 BB_to_ref
3510 0.5071
3520 0.5260
3530 0.5064
3540 0.5334
3550 0.4776
3560 0.5227
3570 0.5368
3580 0.4850
3590 0.4995
3600 0.5137
3610 0.4923
3620 0.5082
3630 0.5048
3640 0.5504
3650 0.4819
3660 0.5289
3670 0.4960
3680 0.5021
3690 0.4683
3700 0.5035
3710 0.4949
3720 0.4998
3730 0.4931
3740 0.5016
3750 0.5226
3760 0.5029
3770 0.5145
3780 0.4941
3790 0.5047
3800 0.4931
3810 0.5057
3820 0.4959
3830 0.4955
3840 0.5028
3850 0.4920
3860 0.5170
3870 0.5058
3880 0.5100
3890 0.5325
3900 0.4906
3910 0.4850
3920 0.5399
3930 0.4876
3940 0.4970
3950 0.5431
3960 0.4957
3970 0.5167
3980 0.5184
3990 0.5237
4000 0.5203
4010 0.5173
4020 0.5135
4030 0.5046
4040 0.5077
4050 0.4776
4060 0.4866
4070 0.4794
4080 0.4982
4090 0.4988
4100 0.4620
4110 0.5124
4120 0.4941
4130 0.5294
4140 0.5212
4150 0.5144
4160 0.5195
4170 0.5101
4180 0.5229
4190 0.5259
4200 0.5335
4210 0.5340
4220 0.5374
4230 0.5161
4240 0.5310
4250 0.5230
4260 0.5075
4270 0.5069
4280 0.5080
4290 0.5268
4300 0.4896
4310 0.5131
4320 0.5085
4330 0.4931
4340 0.5318
4350 0.5192
4360 0.5351
4370 0.5063
4380 0.4991
4390 0.5217
4400 0.5533
4410 0.5064
4420 0.5223
4430 0.5036
4440 0.5269
4450 0.5014
4460 0.5138
4470 0.5382
4480 0.5533
4490 0.5282
4500 0.5293
4500 BB_to_ref
4510 0.6808
4520 0.6718
4530 0.6683
4540 0.7151
4550 0.6746
4560 0.6477
4570 0.6515
4580 0.6774
4590 0.6677
4600 0.6575
4610 0.6738
4620 0.6745
4630 0.7135
4640 0.7196
4650 0.6329
4660 0.6727
4670 0.7377
4680 0.6718
4690 0.7529
4700 0.6823
4710 0.6752
4720 0.6592
4730 0.6737
4740 0.7040
4750 0.6729
4760 0.6097
4770 0.6998
4780 0.6969
4790 0.7556
4800 0.7036
4810 0.6910
4820 0.6718
4830 0.7223
4840 0.6928
4850 0.6941
4860 0.7321
4870 0.6846
4880 0.6664
4890 0.7119
4900 0.6764
4910 0.6566
4920 0.6653
4930 0.6802
4940 0.6769
4950 0.6665
4960 0.7000
4970 0.6735
4980 0.7210
4990 0.7464
5000 0.7206
5010 0.6875
5020 0.6858
5030 0.6979
5040 0.7330
5050 0.7151
5060 0.6801
5070 0.6434
5080 0.6555
5090 0.7611
5100 0.6303
5110 0.6814
5120 0.6761
5130 0.6403
5140 0.7183
5150 0.6534
5160 0.6522
5170 0.6593
5180 0.6405
5190 0.7024
5200 0.6590
5210 0.6712
5220 0.6656
5230 0.6960
5240 0.7370
5250 0.6842
5260 0.7048
5270 0.6928
5280 0.6537
5290 0.6566
5300 0.6402
5310 0.7083
5320 0.7154
5330 0.7230
5340 0.7183
5350 0.6398
5360 0.6650
5370 0.6398
5380 0.6977
5390 0.6768
5400 0.6697
5410 0.6486
5420 0.6471
5430 0.6829
5440 0.6772
5450 0.6632
5460 0.6952
5470 0.6753
5480 0.6584
5490 0.7210
5500 0.7033
5500 BB_to_ref
5510 1.0157
5520 1.0320
5530 1.0475
5540 1.0091
5550 0.9907
5560 0.9794
5570 1.1414
5580 1.0867
5590 1.0941
5600 1.2007
5610 1.1844
5620 1.0047
5630 1.1345
5640 1.3085
5650 1.2796
5660 1.2431
5670 1.2673
5680 1.2234
5690 1.1079
5700 0.9476
5710 0.9631
5720 0.8340
5730 0.9145
5740 0.9819
5750 1.0099
5760 1.0096
5770 1.0136
5780 1.0806
5790 1.0732
5800 0.9852
5810 1.0307
5820 1.0221
5830 1.1415
5840 1.1458
5850 1.2422
5860 1.1955
5870 1.1891
5880 1.1522
5890 1.1198
5900 1.1122
5910 1.2102
5920 1.1771
5930 1.1612
5940 1.2430
5950 1.1774
5960 1.3102
5970 1.4012
5980 1.2545
5990 1.2485
6000 1.1415
6010 1.2636
6020 1.3134
6030 1.3295
6040 1.2248
6050 1.3355
6060 1.2663
6070 1.3918
6080 1.5105
6090 1.5438
6100 1.4890
6110 1.4616
6120 1.5053
6130 1.5479
6140 1.4259
6150 1.4429
6160 1.4720
6170 1.5490
6180 1.6546
6190 1.6913
6200 1.7408
6210 1.7182
6220 1.9253
6230 1.7774
6240 1.7124
6250 1.7073
6260 1.7250
6270 1.5111
6280 1.5230
6290 1.5982
6300 1.5169
6310 1.3609
6320 1.2613
6330 1.5114
6340 1.3848
6350 1.4535
6360 1.6297
6370 1.8544
6380 2.0448
6390 2.0448
6400 1.9789
6410 2.1644
6420 2.0912
6430 2.0241
6440 2.0253
6450 1.9868
6460 2.0290
6470 1.8325
6480 2.0020
6490 2.1191
6500 2.0251
6510 1.9452
6520 1.7554
6530 1.9347
6540 1.9121
6550 2.0340
6560 2.2198
6570 2.0143
6580 1.9511
6590 2.0017
6600 2.2389
6610 2.3157
6620 2.2578
6630 2.2990
6640 2.2395
6650 2.3101
6660 2.3127
6670 2.2740
6680 2.2609
6690 2.2074
6700 2.2839
6710 2.2106
6720 2.2827
6730 2.0853
6740 2.0492
6750 2.1561
6760 2.1464
6770 2.2048
6780 2.1194
6790 2.0396
6800 1.9120
6810 2.1008
6820 2.0699
6830 2.0044
6840 2.0454
6850 2.0806
6860 2.1574
6870 2.0669
6880 2.0721
6890 1.9748
6900 2.1124
6910 2.1173
6920 2.0350
6930 2.1498
6940 2.1743
6950 2.1029
6960 2.0445
6970 2.0231
6980 1.9969
6990 2.0197
7000 2.0248
7010 1.9750
7020 2.0018
7030 2.1151
7040 2.0479
7050 2.1116
7060 1.9992
7070 1.8821
7080 1.9188
7090 1.9692
7100 1.9498
7110 1.8958
7120 1.9895
7130 1.9617
7140 1.9592
7150 1.8617
7160 1.7926
7170 1.8536
7180 1.9527
7190 1.8724
7200 1.8509
7210 1.9240
7220 2.0358
7230 2.0351
7240 2.0637
7250 2.2062
7260 2.1447
7270 2.1444
7280 2.3145
7290 2.1960
7300 2.1877
7310 2.0794
7320 2.1072
7330 2.1232
7340 2.1183
7350 2.0660
7360 2.2092
7370 2.0766
7380 2.0180
7390 2.0392
7400 1.9948
7410 1.9186
7420 1.9170
7430 1.8577
7440 1.8659
7450 1.9576
7460 1.9322
7470 1.8308
7480 1.9396
7490 2.0613
7500 1.8805
