#Res        AtomicFlx
   1.000       1.0173
   2.000       0.5621
   3.000       0.5024
   4.000       0.5144
   5.000       0.5077
   6.000       0.4094
   7.000       0.3501
   8.000       0.4359
   9.000       0.4502
  10.000       0.4743
  11.000       0.4687
  12.000       0.4547
  13.000       0.4730
  14.000       0.4817
  15.000       0.5165
  16.000       0.5047
  17.000       0.7429
  18.000       0.6937
  19.000       0.5421
  20.000       0.5390
  21.000       0.4634
  22.000       0.4341
  23.000       0.4089
  24.000       0.4364
  25.000       0.4511
  26.000       0.4132
  27.000       0.4147
  28.000       0.4153
  29.000       0.3941
  30.000       0.3915
  31.000       0.4119
  32.000       0.4910
  33.000       0.4662
  34.000       0.4669
  35.000       0.4002
  36.000       0.3792
  37.000       0.4428
  38.000       0.4415
  39.000       0.4480
  40.000       0.4453
  41.000       0.4334
  42.000       0.4806
  43.000       0.5731
  44.000       0.5412
  45.000       0.6359
  46.000       0.6639
  47.000       0.7029
  48.000       0.5815
  49.000       0.6834
  50.000       0.4670
  51.000       0.4223
  52.000       0.3696
  53.000       0.4000
  54.000       0.4169
  55.000       0.3406
  56.000       0.3487
  57.000       0.4576
  58.000       0.4412
  59.000       0.4343
  61.000       0.6039
  62.000       0.4110
  63.000       0.3985
  64.000       0.3748
  65.000       0.3851
  66.000       0.4432
  67.000       0.5646
  68.000       0.6827
  69.000       0.9220
  70.000       0.9459
  71.000       0.7247
  72.000       0.6371
  73.000       0.6091
  74.000       0.5270
  75.000       0.4390
  76.000       0.4182
  77.000       0.4525
  78.000       0.4144
  79.000       0.4458
  80.000       0.4815
  81.000       0.4948
  82.000       0.4087
  83.000       0.4205
  84.000       0.4192
  85.000       0.3902
  86.000       0.4316
  87.000       0.4291
  88.000       0.4574
  89.000       0.4726
  90.000       0.4666
  91.000       0.4897
  92.000       0.6019
  93.000       0.6267
  94.000       0.6182
  95.000       0.5043
  96.000       0.5102
  97.000       0.4649
  98.000       0.4525
  99.000       0.4394
 100.000       0.4998
 101.000       0.4314
 102.000       0.4113
 103.000       0.4316
 104.000       0.4156
 105.000       0.5038
 106.000       0.6127
 107.000       0.7617
 108.000       0.6038
 109.000       0.4821
 110.000       0.4222
 111.000       0.4149
 112.000       0.4188
 113.000       0.4389
 114.000       0.4465
 115.000       0.5095
 116.000       0.5116
 117.000       0.5708
 118.000       0.4850
 119.000       0.4935
 120.000       0.5437
 121.000       0.5247
 122.000       0.5580
 123.000       0.7823
 124.000       0.7799
 125.000       0.5710
 126.000       0.5440
 127.000       0.5889
 128.000       0.5982
 129.000       0.5505
 130.000       0.5774
 131.000       0.5674
 132.000       0.5080
 133.000       0.5184
 134.000       0.4803
 135.000       0.4880
 136.000       0.4832
 137.000       0.5584
 138.000       0.5397
 139.000       0.4414
 140.000       0.4499
 141.000       0.5532
 142.000       0.6338
 143.000       0.6169
 144.000       0.7680
 145.000       0.8772
 146.000       1.1456
 147.000       0.9942
 148.000       0.6868
 149.000       0.5281
 150.000       0.5981
 151.000       0.5918
 152.000       0.5092
 153.000       0.5028
 154.000       0.5386
 155.000       0.4671
 156.000       0.4643
 157.000       0.4691
 158.000       0.5018
 159.000       0.6093
 160.000       0.8716
 161.000       1.1240
 162.000       0.8471
 163.000       0.6388
 164.000       0.5800
 165.000       0.4904
 166.000       0.4722
 167.000       0.5022
 168.000       0.4930
 169.000       0.4978
 170.000       0.5141
 171.000       0.4622
 172.000       0.4421
 173.000       0.4404
 174.000       0.4485
 175.000       0.5187
 176.000       0.6209
 177.000       0.6970
 178.000       0.7954
 179.000       0.6554
 180.000       0.6873
 181.000       0.7305
 182.000       0.6900
 183.000       0.6699
 184.000       0.6269
 185.000       0.5335
 186.000       0.4881
 187.000       0.4141
 188.000       0.4268
 189.000       0.3891
 190.000       0.4033
 191.000       0.4774
 192.000       0.4404
 193.000       0.5450
 194.000       0.5658
 195.000       0.5175
 196.000       0.5789
 197.000       0.6904
 198.000       0.9252
 199.000       0.8280
 200.000       0.6883
 201.000       0.6209
 202.000       0.5220
 203.000       0.4567
 204.000       0.4071
 205.000       0.3735
 206.000       0.3568
 207.000       0.3751
 208.000       0.4468
 209.000       0.3996
 210.000       0.4366
 211.000       0.5296
 212.000       0.5005
 213.000       0.6752
 214.000       1.2543
 215.000       2.6573
 216.000       2.9950
 217.000       3.9077
 218.000       4.1257
 219.000       5.9069
 220.000       5.3997
 221.000       7.1890
