#Res        AtomicFlx
   1.000       1.3858
   2.000       0.8120
   3.000       0.5460
   4.000       0.5146
   5.000       0.4771
   6.000       0.4374
   7.000       0.3903
   8.000       0.5019
   9.000       0.5048
  10.000       0.4752
  11.000       0.4765
  12.000       0.4288
  13.000       0.4461
  14.000       0.4372
  15.000       0.5291
  16.000       0.4986
  17.000       0.7282
  18.000       0.7719
  19.000       0.4898
  20.000       0.4775
  21.000       0.3935
  22.000       0.3945
  23.000       0.4035
  24.000       0.4396
  25.000       0.4448
  26.000       0.4222
  27.000       0.4357
  28.000       0.4369
  29.000       0.4043
  30.000       0.3821
  31.000       0.3924
  32.000       0.4681
  33.000       0.4691
  34.000       0.4530
  35.000       0.4146
  36.000       0.3957
  37.000       0.4302
  38.000       0.4265
  39.000       0.4519
  40.000       0.4301
  41.000       0.4405
  42.000       0.5227
  43.000       0.6014
  44.000       0.5372
  45.000       0.6450
  46.000       0.6983
  47.000       0.6730
  48.000       0.5781
  49.000       0.6621
  50.000       0.5086
  51.000       0.4807
  52.000       0.4210
  53.000       0.4666
  54.000       0.4672
  55.000       0.3954
  56.000       0.3955
  57.000       0.5002
  58.000       0.4931
  59.000       0.4506
  61.000       0.5685
  62.000       0.4256
  63.000       0.3960
  64.000       0.3971
  65.000       0.3957
  66.000       0.4734
  67.000       0.7192
  68.000       0.9735
  69.000       1.7601
  70.000       2.0917
  71.000       1.6074
  72.000       1.4956
  73.000       0.7339
  74.000       0.5682
  75.000       0.4496
  76.000       0.4302
  77.000       0.4647
  78.000       0.4297
  79.000       0.4898
  80.000       0.5654
  81.000       0.5637
  82.000       0.4180
  83.000       0.3949
  84.000       0.4213
  85.000       0.3756
  86.000       0.3899
  87.000       0.3848
  88.000       0.4163
  89.000       0.4361
  90.000       0.4758
  91.000       0.5256
  92.000       0.6563
  93.000       0.6616
  94.000       0.6055
  95.000       0.4968
  96.000       0.4546
  97.000       0.4588
  98.000       0.4303
  99.000       0.4010
 100.000       0.4513
 101.000       0.4234
 102.000       0.3911
 103.000       0.3997
 104.000       0.4275
 105.000       0.4911
 106.000       0.5750
 107.000       0.7034
 108.000       0.5786
 109.000       0.4638
 110.000       0.4725
 111.000       0.5245
 112.000       0.6289
 113.000       0.5038
 114.000       0.4137
 115.000       0.4390
 116.000       0.4419
 117.000       0.5111
 118.000       0.5235
 119.000       0.4653
 120.000       0.5659
 121.000       0.5785
 122.000       0.5869
 123.000       0.8239
 124.000       0.8762
 125.000       0.6233
 126.000       0.5679
 127.000       0.5864
 128.000       0.6193
 129.000       0.5556
 130.000       0.6023
 131.000       0.5724
 132.000       0.6063
 133.000       0.9315
 134.000       0.6012
 135.000       0.5556
 136.000       0.4928
 137.000       0.5216
 138.000       0.5046
 139.000       0.4546
 140.000       0.4456
 141.000       0.4885
 142.000       0.5597
 143.000       0.5344
 144.000       0.7347
 145.000       1.0703
 146.000       1.5142
 147.000       1.3414
 148.000       0.8967
 149.000       0.5857
 150.000       0.5417
 151.000       0.5754
 152.000       0.4384
 153.000       0.4548
 154.000       0.5047
 155.000       0.4912
 156.000       0.4674
 157.000       0.5083
 158.000       0.5827
 159.000       0.6705
 160.000       0.9176
 161.000       1.3072
 162.000       1.1464
 163.000       0.7957
 164.000       0.6437
 165.000       0.5022
 166.000       0.4723
 167.000       0.4942
 168.000       0.4949
 169.000       0.4633
 170.000       0.4235
 171.000       0.4250
 172.000       0.4049
 173.000       0.4460
 174.000       0.4571
 175.000       0.5580
 176.000       0.6653
 177.000       0.8237
 178.000       0.9524
 179.000       0.8480
 180.000       0.8975
 181.000       0.8516
 182.000       0.7045
 183.000       0.7080
 184.000       0.6457
 185.000       0.5172
 186.000       0.4851
 187.000       0.4294
 188.000       0.4748
 189.000       0.4257
 190.000       0.4076
 191.000       0.4672
 192.000       0.4459
 193.000       0.5476
 194.000       0.6087
 195.000       0.5328
 196.000       0.5530
 197.000       0.6024
 198.000       0.8628
 199.000       0.7225
 200.000       0.5911
 201.000       0.5336
 202.000       0.4746
 203.000       0.4594
 204.000       0.4085
 205.000       0.4440
 206.000       0.3517
 207.000       0.3668
 208.000       0.4514
 209.000       0.4037
 210.000       0.4578
 211.000       0.6192
 212.000       0.6531
 213.000       0.9187
 214.000       1.4116
 215.000       2.4912
 216.000       2.5337
 217.000       3.2722
 218.000       3.2301
 219.000       3.5306
 220.000       3.7086
