#Frame     3.5[lower]   3.5[upper]
       1            1            1
       2            0            2
       3            0            3
       4            0            3
       5            0            3
       6            0            1
       7            0            3
       8            0            3
       9            0            2
      10            0            2
      11            0            1
      12            0            4
      13            0            4
      14            0            3
      15            0            3
      16            1            2
      17            0            3
      18            0            4
      19            0            3
      20            0            3
      21            0            3
      22            0            4
      23            0            3
      24            0            2
      25            0            4
      26            0            2
      27            0            3
      28            0            2
      29            0            3
      30            0            3
      31            0            2
      32            0            2
      33            0            2
      34            1            3
      35            0            2
      36            1            3
      37            0            2
      38            0            2
      39            0            2
      40            0            1
      41            1            3
      42            0            4
      43            0            4
      44            1            3
      45            0            2
      46            0            2
      47            0            2
      48            0            2
      49            0            2
      50            0            3
      51            0            4
      52            0            3
      53            0            2
      54            0            3
      55            0            2
      56            0            2
      57            0            2
      58            0            2
      59            1            2
      60            0            4
      61            0            3
      62            0            3
      63            0            3
      64            0            3
      65            0            3
      66            0            2
      67            0            3
      68            0            2
      69            0            3
      70            1            3
      71            0            3
      72            0            1
      73            0            1
      74            0            2
      75            0            3
      76            0            2
      77            0            2
      78            1            2
      79            1            1
      80            0            2
      81            0            1
      82            1            2
      83            0            2
      84            0            3
      85            0            1
      86            0            2
      87            0            2
      88            0            4
      89            1            3
      90            1            3
      91            0            1
      92            1            2
      93            0            3
      94            1            5
      95            0            3
      96            0            4
      97            0            3
      98            0            3
      99            1            2
     100            1            1
     101            1            3
     102            1            2
     103            1            2
     104            1            2
     105            1            2
     106            0            3
     107            0            2
     108            1            3
     109            0            2
     110            0            2
     111            0            2
     112            0            2
     113            0            2
     114            0            3
     115            0            2
     116            0            2
     117            0            2
     118            0            2
     119            0            3
     120            0            3
     121            0            2
     122            0            3
     123            0            2
     124            0            3
     125            0            2
     126            0            3
     127            0            3
     128            0            2
     129            0            3
     130            0            3
     131            0            3
     132            0            3
     133            0            1
     134            0            1
     135            0            2
     136            0            1
     137            1            2
     138            0            3
     139            0            3
     140            0            2
     141            0            3
     142            0            3
     143            0            4
     144            0            4
     145            0            3
     146            0            2
     147            0            2
     148            0            3
     149            0            2
     150            0            1
     151            1            2
     152            1            2
     153            0            2
     154            0            3
     155            0            2
     156            0            2
     157            0            3
     158            0            2
     159            0            3
     160            0            2
     161            0            2
     162            0            3
     163            0            3
     164            0            2
     165            0            2
     166            0            1
     167            0            2
     168            1            2
     169            0            2
     170            0            3
     171            0            3
     172            0            3
     173            0            3
     174            0            2
     175            0            2
     176            0            3
     177            0            2
     178            0            2
     179            0            1
     180            0            2
     181            0            3
     182            0            3
     183            0            3
     184            1            3
     185            1            2
     186            1            1
     187            0            3
     188            0            2
     189            0            1
     190            1            3
     191            0            1
     192            1            3
     193            0            3
     194            0            2
     195            1            3
     196            1            2
     197            0            1
     198            0            3
     199            0            3
     200            0            2
     201            1            3
     202            0            3
     203            0            2
     204            0            2
     205            0            3
     206            0            3
     207            0            3
     208            0            4
     209            0            2
     210            0            3
     211            0            3
     212            0            3
     213            0            2
     214            0            2
     215            0            3
     216            1            3
     217            0            2
     218            0            3
     219            0            2
     220            0            3
     221            0            3
     222            0            3
     223            0            2
     224            0            1
     225            0            2
     226            0            2
     227            0            3
     228            0            2
     229            0            3
     230            0            3
     231            0            1
     232            1            3
     233            0            2
     234            1            3
     235            0            3
     236            0            3
     237            0            3
     238            0            2
     239            1            2
     240            0            3
     241            0            3
     242            0            4
     243            1            3
     244            0            3
     245            0            2
     246            0            3
     247            0            4
     248            0            3
     249            0            2
     250            0            3
     251            0            1
     252            1            1
     253            0            4
     254            1            2
     255            1            2
     256            1            2
     257            0            1
     258            1            2
     259            1            2
     260            0            3
     261            0            2
     262            1            2
     263            1            3
     264            1            3
     265            0            2
     266            0            2
     267            0            1
     268            0            2
     269            0            3
     270            0            2
     271            0            3
     272            0            3
     273            0            3
     274            0            2
     275            1            2
     276            0            3
     277            1            2
     278            0            2
     279            0            3
     280            1            3
     281            1            3
     282            0            2
     283            0            2
     284            1            2
     285            1            3
     286            1            3
     287            1            3
     288            1            2
     289            0            2
     290            0            3
     291            0            2
     292            0            3
     293            0            4
     294            1            3
     295            0            1
     296            1            3
     297            0            2
     298            0            2
     299            0            3
     300            0            2
     301            0            1
     302            0            0
     303            0            1
     304            0            0
     305            0            0
     306            0            0
     307            0            0
     308            0            0
     309            0            1
     310            0            0
     311            0            0
     312            0            2
     313            0            1
     314            0            2
     315            0            3
     316            0            1
     317            1            2
     318            0            2
     319            0            2
     320            0            4
     321            1            3
     322            0            2
     323            1            2
     324            1            1
     325            1            4
     326            0            2
     327            0            1
     328            0            2
     329            0            3
     330            0            2
     331            0            3
     332            0            2
     333            1            3
     334            1            3
     335            1            3
     336            0            4
     337            1            2
     338            1            1
     339            1            2
     340            1            2
     341            1            2
     342            0            3
     343            1            1
     344            0            2
     345            0            3
     346            0            3
     347            1            3
     348            0            3
     349            0            3
     350            0            3
     351            0            2
     352            1            1
     353            1            3
     354            0            2
     355            0            2
     356            0            2
     357            0            2
     358            1            3
     359            0            2
     360            1            3
     361            0            2
     362            0            2
     363            0            2
     364            0            3
     365            0            2
     366            0            4
     367            0            3
     368            0            2
     369            0            2
     370            0            3
     371            0            3
     372            0            3
     373            0            3
     374            0            3
     375            1            3
     376            0            3
     377            0            2
     378            0            2
     379            0            3
     380            0            2
     381            0            1
     382            0            2
     383            0            2
     384            0            2
     385            0            1
     386            0            2
     387            0            2
     388            0            1
     389            0            1
     390            0            1
     391            0            3
     392            1            2
     393            0            3
     394            0            3
     395            1            3
     396            0            1
     397            1            1
     398            1            3
     399            0            2
     400            0            3
     401            0            3
     402            1            1
     403            0            2
     404            0            2
     405            0            3
     406            0            3
     407            0            3
     408            1            3
     409            0            4
     410            0            2
     411            1            2
     412            1            4
     413            1            3
     414            0            2
     415            0            3
     416            0            3
     417            0            3
     418            0            2
     419            1            3
     420            0            2
     421            0            1
     422            0            2
     423            0            2
     424            1            1
     425            0            3
     426            0            1
     427            0            3
     428            1            2
     429            0            3
     430            1            3
     431            0            2
     432            0            2
     433            0            2
     434            0            3
     435            0            3
     436            0            2
     437            0            1
     438            0            2
     439            0            2
     440            1            3
     441            0            2
     442            0            2
     443            0            3
     444            0            2
     445            0            2
     446            0            2
     447            1            1
     448            0            2
     449            0            1
     450            0            2
     451            0            2
     452            0            2
     453            0            1
     454            0            2
     455            0            2
     456            1            2
     457            0            2
     458            0            3
     459            0            2
     460            0            3
     461            1            3
     462            0            3
     463            0            2
     464            0            3
     465            0            2
     466            0            3
     467            0            4
     468            0            2
     469            0            2
     470            0            2
     471            0            2
     472            1            2
     473            0            2
     474            0            2
     475            1            2
     476            1            3
     477            1            3
     478            1            2
     479            1            4
     480            0            2
     481            0            3
     482            0            3
     483            1            2
     484            1            1
     485            1            2
     486            1            2
     487            0            2
     488            0            2
     489            0            1
     490            0            3
     491            0            2
     492            1            3
     493            1            4
     494            0            2
     495            0            3
     496            0            3
     497            0            3
     498            0            3
     499            0            3
     500            0            3
     501            0            3
     502            0            2
     503            0            2
     504            0            3
     505            0            4
     506            0            2
     507            0            3
     508            0            2
     509            0            3
     510            1            4
     511            0            2
     512            0            2
     513            1            3
     514            0            4
     515            0            3
     516            0            2
     517            1            5
     518            0            1
     519            0            4
     520            0            2
     521            0            3
     522            0            3
     523            0            3
     524            0            2
     525            0            3
     526            0            2
     527            0            3
     528            0            3
     529            0            3
     530            0            2
     531            0            3
     532            0            4
     533            0            3
     534            0            3
     535            0            3
     536            0            1
     537            0            3
     538            0            3
     539            0            3
     540            0            4
     541            0            3
     542            0            2
     543            0            2
     544            1            3
     545            0            3
     546            0            3
     547            0            2
     548            0            4
     549            0            3
     550            0            3
     551            0            3
     552            0            5
     553            0            2
     554            0            4
     555            0            4
     556            0            4
     557            1            4
     558            0            3
     559            0            2
     560            0            1
     561            0            3
     562            0            3
     563            0            2
     564            0            2
     565            0            2
     566            0            4
     567            0            2
     568            0            2
     569            1            3
     570            0            3
     571            1            4
     572            0            3
     573            0            2
     574            0            3
     575            0            3
     576            1            3
     577            0            2
     578            1            1
     579            0            4
     580            1            5
     581            0            3
     582            0            3
     583            0            3
     584            0            4
     585            0            3
     586            0            3
     587            0            3
     588            0            2
     589            0            2
     590            0            3
     591            0            2
     592            0            3
     593            0            3
     594            0            3
     595            0            2
     596            0            2
     597            0            3
     598            0            3
     599            0            2
     600            0            3
     601            0            3
     602            0            2
     603            0            3
     604            0            2
     605            0            1
     606            1            2
     607            0            2
     608            1            3
     609            1            5
     610            1            2
     611            1            2
     612            0            2
     613            0            3
     614            0            3
     615            0            3
     616            0            4
     617            0            3
     618            0            2
     619            0            3
     620            0            2
     621            0            2
     622            0            2
     623            0            2
     624            0            3
     625            1            2
     626            0            2
     627            0            2
     628            0            2
     629            0            2
     630            0            2
     631            0            2
     632            0            2
     633            0            2
     634            0            2
     635            0            2
     636            0            3
     637            0            4
     638            0            2
     639            0            3
     640            0            4
     641            0            3
     642            1            4
     643            0            2
     644            0            4
     645            0            3
     646            0            3
     647            0            4
     648            1            3
     649            0            2
     650            0            4
     651            0            3
     652            1            2
     653            0            3
     654            0            2
     655            0            2
     656            0            2
     657            0            1
     658            0            3
     659            1            2
     660            0            2
     661            1            1
     662            1            2
     663            1            3
     664            0            2
     665            0            2
     666            0            2
     667            0            2
     668            0            1
     669            1            3
     670            0            2
     671            0            5
     672            0            4
     673            0            3
     674            0            2
     675            0            2
     676            0            3
     677            0            3
     678            0            3
     679            0            3
     680            0            2
     681            0            2
     682            0            3
     683            0            4
     684            0            2
     685            0            3
     686            0            3
     687            0            4
     688            0            3
     689            0            2
     690            1            4
     691            0            2
     692            0            3
     693            0            2
     694            0            3
     695            1            4
     696            0            5
     697            0            5
     698            0            3
     699            0            3
     700            0            5
     701            0            4
     702            0            4
     703            0            2
     704            1            2
     705            0            3
     706            0            4
     707            0            3
     708            0            3
     709            1            3
     710            1            4
     711            0            3
     712            0            2
     713            1            3
     714            0            3
     715            0            2
     716            0            4
     717            0            4
     718            0            4
     719            0            4
     720            1            5
     721            0            3
     722            0            5
     723            0            4
     724            0            3
     725            0            3
     726            0            3
     727            0            4
     728            0            4
     729            0            4
     730            0            3
     731            0            4
     732            0            3
     733            0            4
     734            0            4
     735            0            4
     736            0            5
     737            0            3
     738            0            4
     739            0            3
     740            0            5
     741            0            4
     742            0            4
     743            0            4
     744            0            5
     745            0            4
     746            0            4
     747            0            5
     748            0            5
     749            0            3
     750            0            2
     751            0            3
     752            1            3
     753            0            2
     754            0            2
     755            1            3
     756            0            3
     757            0            4
     758            1            4
     759            0            3
     760            0            4
     761            0            3
     762            0            3
     763            0            2
     764            0            3
     765            0            3
     766            0            2
     767            0            3
     768            0            2
     769            0            1
     770            0            3
     771            0            1
     772            0            4
     773            0            5
     774            0            4
     775            0            2
     776            0            2
     777            1            2
     778            1            2
     779            0            2
     780            0            2
     781            1            5
     782            1            3
     783            1            3
     784            0            4
     785            0            2
     786            0            3
     787            0            4
     788            1            3
     789            0            2
     790            0            4
     791            0            3
     792            0            1
     793            0            4
     794            0            1
     795            0            3
     796            0            4
     797            0            3
     798            0            3
     799            0            2
     800            0            3
     801            0            3
     802            0            4
     803            0            3
     804            1            4
     805            0            4
     806            0            2
     807            1            3
     808            1            4
     809            0            4
     810            0            3
     811            0            4
     812            0            4
     813            0            3
     814            0            3
     815            0            3
     816            0            4
     817            0            2
     818            0            2
     819            0            3
     820            0            3
     821            0            4
     822            0            3
     823            0            4
     824            0            1
     825            0            3
     826            0            3
     827            0            2
     828            1            4
     829            0            2
     830            0            1
     831            0            3
     832            0            2
     833            0            3
     834            0            3
     835            0            3
     836            0            3
     837            0            3
     838            0            3
     839            0            3
     840            0            1
     841            0            3
     842            0            4
     843            0            2
     844            0            1
     845            0            4
     846            0            3
     847            0            1
     848            0            3
     849            0            3
     850            0            3
     851            0            3
     852            0            2
     853            0            3
     854            0            3
     855            0            1
     856            0            2
     857            1            3
     858            1            4
     859            0            4
     860            0            2
     861            0            3
     862            0            3
     863            0            3
     864            0            2
     865            0            3
     866            0            4
     867            0            4
     868            0            3
     869            0            4
     870            0            3
     871            0            3
     872            0            3
     873            0            3
     874            0            3
     875            0            2
     876            0            5
     877            0            3
     878            0            2
     879            0            4
     880            0            3
     881            0            3
     882            0            2
     883            1            5
     884            1            3
     885            0            3
     886            0            3
     887            0            3
     888            0            2
     889            0            3
     890            0            4
     891            0            1
     892            0            2
     893            0            3
     894            0            2
     895            0            2
     896            0            4
     897            1            2
     898            0            3
     899            0            2
     900            0            2
     901            0            2
     902            0            2
     903            0            2
     904            0            3
     905            0            3
     906            1            3
     907            0            2
     908            0            3
     909            0            3
     910            0            1
     911            0            3
     912            0            3
     913            0            1
     914            0            4
     915            0            2
     916            0            3
     917            0            2
     918            0            1
     919            0            2
     920            0            1
     921            0            3
     922            0            3
     923            0            2
     924            0            1
     925            0            3
     926            1            4
     927            0            4
     928            0            2
     929            0            3
     930            0            2
     931            0            3
     932            0            3
     933            0            3
     934            0            2
     935            1            2
     936            0            3
     937            0            2
     938            0            4
     939            0            3
     940            0            2
     941            0            1
     942            0            3
     943            0            3
     944            1            3
     945            0            1
     946            0            1
     947            0            2
     948            0            4
     949            0            2
     950            0            2
     951            0            1
     952            0            1
     953            0            3
     954            0            3
     955            0            2
     956            0            3
     957            0            2
     958            0            3
     959            1            3
     960            0            3
     961            0            3
     962            0            3
     963            0            2
     964            0            2
     965            0            3
     966            1            2
     967            1            3
     968            0            2
     969            1            1
     970            1            1
     971            0            2
     972            0            1
     973            1            3
     974            0            1
     975            0            2
     976            0            2
     977            0            3
     978            0            3
     979            0            2
     980            0            3
     981            0            1
     982            0            2
     983            0            2
     984            0            2
     985            0            2
     986            0            1
     987            0            4
     988            0            3
     989            0            2
     990            0            3
     991            1            3
     992            0            3
     993            1            3
     994            0            3
     995            0            3
     996            0            3
     997            0            4
     998            0            2
     999            0            2
    1000            1            2
    1001            0            3
    1002            0            3
    1003            0            3
    1004            0            2
    1005            0            3
    1006            0            2
    1007            0            3
    1008            0            3
    1009            0            2
    1010            0            1
    1011            0            2
    1012            0            2
    1013            0            4
    1014            0            4
    1015            0            2
    1016            1            3
    1017            0            3
    1018            1            1
    1019            0            3
    1020            1            3
    1021            0            3
    1022            1            3
    1023            1            3
    1024            0            2
    1025            0            3
    1026            0            2
    1027            0            3
    1028            0            2
    1029            0            3
    1030            1            2
    1031            0            2
    1032            0            2
    1033            0            3
    1034            1            3
    1035            0            4
    1036            1            3
    1037            1            2
    1038            1            3
    1039            0            2
    1040            0            3
    1041            0            2
    1042            1            3
    1043            0            1
    1044            0            3
    1045            0            3
    1046            0            2
    1047            0            2
    1048            0            3
    1049            1            3
    1050            0            3
    1051            1            3
    1052            1            4
    1053            0            4
    1054            0            2
    1055            0            1
    1056            0            2
    1057            1            3
    1058            0            1
    1059            0            2
    1060            0            1
    1061            0            2
    1062            2            3
    1063            1            4
    1064            0            3
    1065            0            4
    1066            1            3
    1067            0            4
    1068            0            3
    1069            1            3
    1070            1            3
    1071            0            3
    1072            0            4
    1073            1            2
    1074            1            5
    1075            0            3
    1076            1            4
    1077            0            4
    1078            0            3
    1079            1            2
    1080            0            4
    1081            0            3
    1082            1            4
    1083            1            4
    1084            0            2
    1085            0            1
    1086            0            3
    1087            0            2
    1088            0            3
    1089            0            2
    1090            0            2
    1091            1            4
    1092            0            3
    1093            0            2
    1094            0            3
    1095            0            3
    1096            1            3
    1097            0            1
    1098            0            2
    1099            0            3
    1100            0            3
    1101            0            2
    1102            0            4
    1103            2            3
    1104            1            4
    1105            2            5
    1106            0            3
    1107            0            3
    1108            1            3
    1109            1            3
    1110            0            3
    1111            0            2
    1112            0            3
    1113            0            2
    1114            1            3
    1115            1            4
    1116            1            3
    1117            0            4
    1118            1            4
    1119            1            4
    1120            1            4
    1121            2            4
    1122            2            4
    1123            0            4
    1124            0            3
    1125            0            2
    1126            0            3
    1127            0            2
    1128            0            3
    1129            0            3
    1130            2            3
    1131            2            3
    1132            2            4
    1133            1            3
    1134            1            3
    1135            2            3
    1136            1            3
    1137            0            3
    1138            1            3
    1139            0            4
    1140            0            4
    1141            0            3
    1142            0            3
    1143            0            3
    1144            0            4
    1145            1            3
    1146            0            3
    1147            1            2
    1148            0            3
    1149            0            3
    1150            2            5
    1151            1            5
    1152            3            7
    1153            2            5
    1154            3            7
    1155            2            8
    1156            2            5
    1157            1            3
    1158            1            2
    1159            1            4
    1160            0            4
    1161            1            3
    1162            2            4
    1163            1            4
    1164            0            3
    1165            0            3
    1166            0            3
    1167            0            4
    1168            0            3
    1169            0            3
    1170            0            3
    1171            1            2
    1172            0            2
    1173            0            3
    1174            0            2
    1175            0            3
    1176            0            3
    1177            1            2
    1178            0            1
    1179            0            3
    1180            0            3
    1181            0            2
    1182            0            3
    1183            0            4
    1184            0            4
    1185            0            2
    1186            0            2
    1187            0            2
    1188            0            3
    1189            0            2
    1190            0            4
    1191            0            1
    1192            0            4
    1193            1            3
    1194            0            4
    1195            0            2
    1196            1            3
    1197            0            1
    1198            0            3
    1199            0            2
    1200            0            3
    1201            1            3
    1202            1            2
    1203            1            3
    1204            1            4
    1205            1            4
    1206            0            3
    1207            0            3
    1208            0            3
    1209            1            4
    1210            1            3
    1211            1            4
    1212            1            3
    1213            1            3
    1214            1            4
    1215            1            3
    1216            1            4
    1217            1            3
    1218            1            3
    1219            1            4
    1220            1            2
    1221            1            3
    1222            1            3
    1223            1            3
    1224            0            5
    1225            0            3
    1226            0            4
    1227            0            2
    1228            0            1
    1229            0            0
    1230            0            2
    1231            0            1
    1232            0            2
    1233            1            3
    1234            0            2
    1235            1            2
    1236            1            4
    1237            1            4
    1238            1            3
    1239            1            2
    1240            1            3
    1241            1            3
    1242            1            3
    1243            1            2
    1244            1            4
    1245            1            3
    1246            1            4
    1247            0            4
    1248            1            3
    1249            1            2
    1250            1            2
    1251            1            3
    1252            1            4
    1253            1            2
    1254            1            4
    1255            1            2
    1256            1            4
    1257            1            4
    1258            1            3
    1259            1            4
    1260            1            3
    1261            1            4
    1262            1            3
    1263            1            3
    1264            1            4
    1265            1            4
    1266            1            3
    1267            1            4
    1268            1            2
    1269            1            4
    1270            1            3
    1271            1            2
    1272            1            3
    1273            1            4
    1274            0            3
    1275            0            2
    1276            0            3
    1277            1            3
    1278            1            5
    1279            0            4
    1280            1            4
    1281            1            4
    1282            0            4
    1283            1            2
    1284            0            4
    1285            1            4
    1286            0            3
    1287            0            4
    1288            1            3
    1289            1            2
    1290            1            3
    1291            1            4
    1292            2            4
    1293            0            2
    1294            1            3
    1295            1            4
    1296            0            2
    1297            1            3
    1298            1            3
    1299            0            1
    1300            0            2
    1301            1            1
    1302            0            4
    1303            1            2
    1304            1            2
    1305            1            2
    1306            0            2
    1307            1            3
    1308            1            3
    1309            0            2
    1310            0            2
    1311            1            3
    1312            1            2
    1313            1            4
    1314            1            4
    1315            1            4
    1316            1            4
    1317            1            4
    1318            1            3
    1319            1            3
    1320            0            2
    1321            0            5
    1322            1            4
    1323            1            5
    1324            2            5
    1325            2            5
    1326            1            4
    1327            1            5
    1328            1            4
    1329            1            5
    1330            1            6
    1331            1            5
    1332            1            5
    1333            1            5
    1334            0            4
    1335            0            4
    1336            1            6
    1337            2            4
    1338            1            4
    1339            1            5
    1340            1            4
    1341            1            5
    1342            2            4
    1343            1            4
    1344            2            5
    1345            2            5
    1346            2            5
    1347            1            4
    1348            1            5
    1349            2            5
    1350            1            5
    1351            1            6
    1352            1            4
    1353            2            5
    1354            1            3
    1355            1            4
    1356            1            4
    1357            0            5
    1358            1            3
    1359            1            4
    1360            1            4
    1361            1            5
    1362            0            5
    1363            1            3
    1364            1            3
    1365            0            2
    1366            1            5
    1367            1            5
    1368            0            5
    1369            1            5
    1370            1            5
    1371            1            4
    1372            2            5
    1373            0            4
    1374            1            5
    1375            2            4
    1376            2            5
    1377            2            4
    1378            2            5
    1379            1            5
    1380            0            3
    1381            1            5
    1382            1            5
    1383            1            4
    1384            2            3
    1385            1            4
    1386            1            5
    1387            1            3
    1388            1            3
    1389            1            3
    1390            1            5
    1391            2            4
    1392            2            7
    1393            2            6
    1394            2            6
    1395            2            4
    1396            2            7
    1397            1            3
    1398            2            5
    1399            1            3
    1400            0            4
    1401            1            4
    1402            1            3
    1403            1            3
    1404            1            3
    1405            1            3
    1406            1            3
    1407            1            3
    1408            1            4
    1409            1            2
    1410            1            3
    1411            0            4
    1412            1            4
    1413            1            4
    1414            0            4
    1415            1            4
    1416            1            3
    1417            1            4
    1418            1            3
    1419            0            3
    1420            1            5
    1421            1            5
    1422            1            4
    1423            1            4
    1424            1            3
    1425            0            2
    1426            1            3
    1427            1            3
    1428            0            4
    1429            0            3
    1430            1            4
    1431            1            3
    1432            1            2
    1433            1            2
    1434            1            2
    1435            1            2
    1436            0            2
    1437            0            4
    1438            0            3
    1439            0            3
    1440            0            4
    1441            0            3
    1442            0            3
    1443            0            3
    1444            0            4
    1445            0            1
    1446            0            2
    1447            0            4
    1448            0            4
    1449            0            1
    1450            0            4
    1451            0            2
    1452            0            3
    1453            0            2
    1454            0            3
    1455            0            2
    1456            0            3
    1457            0            2
    1458            0            3
    1459            0            2
    1460            0            3
    1461            0            3
    1462            0            2
    1463            0            3
    1464            1            2
    1465            1            3
    1466            1            3
    1467            0            4
    1468            1            3
    1469            1            5
    1470            1            4
    1471            0            2
    1472            1            3
    1473            1            3
    1474            1            3
    1475            1            4
    1476            0            3
    1477            1            4
    1478            1            4
    1479            1            3
    1480            1            4
    1481            1            5
    1482            1            5
    1483            0            5
    1484            1            5
    1485            1            4
    1486            1            4
    1487            0            4
    1488            1            5
    1489            1            3
    1490            1            3
    1491            0            3
    1492            1            3
    1493            1            3
    1494            1            3
    1495            0            2
    1496            1            4
    1497            1            2
    1498            1            2
    1499            1            3
    1500            0            3
    1501            1            3
    1502            1            4
    1503            1            3
    1504            1            4
    1505            1            3
    1506            1            3
    1507            0            3
    1508            1            3
    1509            0            4
    1510            1            4
    1511            1            6
    1512            1            6
    1513            1            8
    1514            1            5
    1515            0            4
    1516            1            6
    1517            2            4
    1518            2            6
    1519            1            6
    1520            2            8
    1521            1            5
    1522            2            6
    1523            1            7
    1524            2            5
    1525            2            5
    1526            2            6
    1527            2            6
    1528            2            5
    1529            2            5
    1530            1            6
    1531            2            6
    1532            3            5
    1533            1            8
    1534            2            8
    1535            4            7
    1536            4            5
    1537            4            5
    1538            2            7
    1539            3            6
    1540            2            5
    1541            1            7
    1542            1            5
    1543            1            5
    1544            1            4
    1545            1            6
    1546            1            7
    1547            0            7
    1548            1            7
    1549            1            9
    1550            1            9
    1551            1            7
    1552            2            8
    1553            1            9
    1554            1            7
    1555            3            7
    1556            1            9
    1557            2            8
    1558            1           10
    1559            2            8
    1560            2            8
    1561            2            9
    1562            2            7
    1563            0           10
    1564            2            6
    1565            3            7
    1566            1            5
    1567            2            5
    1568            1            6
    1569            1            6
    1570            2            5
    1571            2            4
    1572            1            6
    1573            2            7
    1574            1            7
    1575            1            6
    1576            1            4
    1577            0            3
    1578            0            5
    1579            1            4
    1580            1            5
    1581            1            3
    1582            1            5
    1583            1            5
    1584            0            5
    1585            0            5
    1586            1            4
    1587            1            3
    1588            1            3
    1589            0            3
    1590            0            3
    1591            0            2
    1592            1            3
    1593            1            2
    1594            1            2
    1595            1            2
    1596            1            3
    1597            1            4
    1598            0            5
    1599            1            5
    1600            0            2
    1601            1            3
    1602            1            4
    1603            1            3
    1604            1            3
    1605            1            3
    1606            1            3
    1607            1            4
    1608            1            5
    1609            1            3
    1610            1            3
    1611            1            3
    1612            1            3
    1613            1            3
    1614            0            2
    1615            1            4
    1616            1            3
    1617            1            3
    1618            1            3
    1619            1            3
    1620            1            3
    1621            0            3
    1622            1            3
    1623            1            4
    1624            1            4
    1625            1            2
    1626            1            4
    1627            0            5
    1628            1            4
    1629            1            5
    1630            1            4
    1631            1            4
    1632            2            5
    1633            2            5
    1634            2            5
    1635            1            4
    1636            1            4
    1637            1            4
    1638            1            5
    1639            0            5
    1640            1            3
    1641            2            4
    1642            0            5
    1643            1            5
    1644            1            4
    1645            1            5
    1646            1            3
    1647            1            5
    1648            2            4
    1649            1            4
    1650            1            4
    1651            0            4
    1652            1            5
    1653            2            5
    1654            2            4
    1655            1            5
    1656            0            5
    1657            1            5
    1658            2            4
    1659            1            5
    1660            1            4
    1661            1            5
    1662            2            4
    1663            1            5
    1664            0            5
    1665            0            3
    1666            1            3
    1667            0            3
    1668            0            4
    1669            1            5
    1670            1            3
    1671            0            4
    1672            1            4
    1673            2            5
    1674            1            4
    1675            1            5
    1676            1            5
    1677            1            5
    1678            1            5
    1679            1            4
    1680            1            4
    1681            1            4
    1682            1            5
    1683            1            4
    1684            0            5
    1685            1            4
    1686            2            5
    1687            2            4
    1688            0            3
    1689            1            4
    1690            1            4
    1691            1            4
    1692            1            4
    1693            1            3
    1694            0            3
    1695            1            4
    1696            1            4
    1697            1            3
    1698            1            3
    1699            1            2
    1700            0            3
    1701            1            3
    1702            1            5
    1703            1            4
    1704            0            4
    1705            0            3
    1706            1            3
    1707            1            3
    1708            1            4
    1709            1            4
    1710            1            4
    1711            1            5
    1712            1            5
    1713            1            4
    1714            1            4
    1715            2            5
    1716            2            4
    1717            2            4
    1718            2            5
    1719            0            3
    1720            1            4
    1721            1            1
    1722            0            3
    1723            1            3
    1724            1            3
    1725            1            3
    1726            1            2
    1727            1            3
    1728            1            2
    1729            1            3
    1730            1            4
    1731            0            3
    1732            1            3
    1733            1            3
    1734            1            3
    1735            1            3
    1736            1            3
    1737            0            2
    1738            0            3
    1739            0            3
    1740            0            3
    1741            0            3
    1742            0            4
    1743            0            2
    1744            0            3
    1745            0            4
    1746            0            4
    1747            0            2
    1748            0            2
    1749            0            3
    1750            0            4
    1751            0            3
    1752            0            3
    1753            0            3
    1754            0            3
    1755            0            4
    1756            0            3
    1757            0            2
    1758            0            1
    1759            0            3
    1760            0            2
    1761            0            3
    1762            0            4
    1763            1            4
    1764            0            4
    1765            0            3
    1766            0            3
    1767            0            3
    1768            0            3
    1769            0            3
    1770            0            2
    1771            0            2
    1772            0            3
    1773            0            3
    1774            0            4
    1775            0            3
    1776            0            1
    1777            0            4
    1778            0            3
    1779            0            1
    1780            0            3
    1781            0            2
    1782            0            4
    1783            0            3
    1784            0            4
    1785            0            4
    1786            0            4
    1787            0            3
    1788            0            4
    1789            0            3
    1790            0            3
    1791            0            2
    1792            0            3
    1793            0            3
    1794            0            2
    1795            0            3
    1796            0            2
    1797            0            3
    1798            0            2
    1799            0            2
    1800            0            3
    1801            0            3
    1802            0            4
    1803            0            1
    1804            0            4
    1805            0            3
    1806            0            1
    1807            0            2
    1808            0            3
    1809            0            4
    1810            0            3
    1811            0            2
    1812            0            4
    1813            0            3
    1814            0            4
    1815            0            1
    1816            0            4
    1817            0            2
    1818            0            2
    1819            0            4
    1820            0            2
    1821            0            4
    1822            0            3
    1823            0            3
    1824            0            3
    1825            0            3
    1826            0            4
    1827            0            3
    1828            0            3
    1829            1            3
    1830            1            3
    1831            0            3
    1832            1            3
    1833            1            4
    1834            2            5
    1835            1            3
    1836            0            4
    1837            0            4
    1838            1            4
    1839            1            3
    1840            0            3
    1841            1            2
    1842            1            3
    1843            1            3
    1844            1            4
    1845            0            1
    1846            1            3
    1847            1            2
    1848            1            3
    1849            0            4
    1850            0            3
    1851            0            3
    1852            0            3
    1853            0            2
    1854            0            4
    1855            0            3
    1856            0            3
    1857            0            2
    1858            0            4
    1859            0            2
    1860            0            3
    1861            0            3
    1862            0            3
    1863            0            3
    1864            0            4
    1865            1            4
    1866            0            3
    1867            0            2
    1868            0            3
    1869            0            4
    1870            0            4
    1871            0            3
    1872            0            2
    1873            0            3
    1874            0            2
    1875            0            2
    1876            0            3
    1877            0            3
    1878            0            3
    1879            0            3
    1880            0            3
    1881            0            5
    1882            0            4
    1883            0            4
    1884            0            4
    1885            0            2
    1886            0            2
    1887            0            4
    1888            0            3
    1889            0            4
    1890            0            3
    1891            0            3
    1892            0            2
    1893            0            2
    1894            0            4
    1895            0            2
    1896            0            3
    1897            0            4
    1898            0            3
    1899            0            2
    1900            0            3
    1901            0            2
    1902            1            3
    1903            0            4
    1904            0            1
    1905            0            3
    1906            0            3
    1907            0            2
    1908            0            4
    1909            0            3
    1910            0            3
    1911            0            3
    1912            0            3
    1913            0            4
    1914            0            4
    1915            0            3
    1916            0            3
    1917            0            4
    1918            0            2
    1919            0            4
    1920            0            3
    1921            0            3
    1922            0            1
    1923            0            3
    1924            0            4
    1925            0            4
    1926            0            4
    1927            0            1
    1928            0            3
    1929            0            5
    1930            0            2
    1931            0            3
    1932            0            3
    1933            0            3
    1934            0            3
    1935            0            3
    1936            0            2
    1937            1            4
    1938            0            4
    1939            0            2
    1940            0            2
    1941            0            3
    1942            0            3
    1943            0            4
    1944            0            3
    1945            0            4
    1946            0            4
    1947            0            3
    1948            0            4
    1949            0            4
    1950            0            2
    1951            0            3
    1952            0            2
    1953            0            3
    1954            1            2
    1955            1            4
    1956            1            4
    1957            1            4
    1958            1            4
    1959            0            4
    1960            1            4
    1961            1            4
    1962            0            2
    1963            1            4
    1964            1            3
    1965            1            4
    1966            0            2
    1967            0            3
    1968            0            3
    1969            0            2
    1970            0            3
    1971            0            2
    1972            0            4
    1973            0            4
    1974            0            2
    1975            0            2
    1976            0            3
    1977            0            2
    1978            0            2
    1979            0            3
    1980            0            3
    1981            0            3
    1982            0            3
    1983            0            4
    1984            0            2
    1985            0            1
    1986            0            3
    1987            0            2
    1988            0            4
    1989            0            3
    1990            0            3
    1991            0            3
    1992            0            2
    1993            0            3
    1994            0            2
    1995            0            3
    1996            0            4
    1997            0            3
    1998            0            3
    1999            0            3
    2000            0            3
    2001            0            3
    2002            0            2
    2003            0            4
    2004            0            3
    2005            0            4
    2006            0            1
    2007            0            2
    2008            0            4
    2009            0            3
    2010            0            3
    2011            0            4
    2012            0            3
    2013            0            2
    2014            0            3
    2015            0            4
    2016            0            3
    2017            0            4
    2018            0            3
    2019            0            3
    2020            0            3
    2021            0            4
    2022            0            4
    2023            0            3
    2024            0            4
    2025            0            2
    2026            0            2
    2027            0            2
    2028            0            1
    2029            0            4
    2030            0            3
    2031            0            3
    2032            0            3
    2033            0            4
    2034            0            3
    2035            0            3
    2036            0            2
    2037            0            4
    2038            0            2
    2039            0            3
    2040            0            2
    2041            0            4
    2042            0            3
    2043            0            2
    2044            0            4
    2045            0            3
    2046            0            3
    2047            0            4
    2048            1            4
    2049            0            4
    2050            0            3
    2051            0            3
    2052            0            3
    2053            0            3
    2054            0            4
    2055            0            4
    2056            0            3
    2057            0            2
    2058            0            3
    2059            0            3
    2060            0            3
    2061            0            3
    2062            0            3
    2063            0            3
    2064            0            2
    2065            0            2
    2066            0            3
    2067            0            2
    2068            0            2
    2069            0            2
    2070            0            3
    2071            0            4
    2072            0            3
    2073            0            4
    2074            0            1
    2075            0            4
    2076            0            3
    2077            0            3
    2078            0            3
    2079            0            3
    2080            0            3
    2081            0            1
    2082            0            3
    2083            0            3
    2084            0            2
    2085            0            3
    2086            0            3
    2087            0            2
    2088            0            3
    2089            0            3
    2090            0            2
    2091            0            3
    2092            0            3
    2093            0            3
    2094            0            3
    2095            0            2
    2096            1            2
    2097            0            3
    2098            0            2
    2099            0            3
    2100            0            3
    2101            0            2
    2102            0            4
    2103            0            3
    2104            0            4
    2105            0            2
    2106            0            4
    2107            0            3
    2108            0            2
    2109            0            3
    2110            0            2
    2111            0            3
    2112            0            3
    2113            0            2
    2114            0            3
    2115            0            3
    2116            0            3
    2117            0            3
    2118            0            3
    2119            0            3
    2120            0            3
    2121            0            3
    2122            0            2
    2123            0            2
    2124            0            4
    2125            0            4
    2126            0            2
    2127            0            2
    2128            2            6
    2129            3            6
    2130            3            5
    2131            3            6
    2132            2            4
    2133            2            4
    2134            2            5
    2135            1            4
    2136            4            8
    2137            1            4
    2138            1            3
    2139            1            5
    2140            1            2
    2141            2            5
    2142            3            4
    2143            0            3
    2144            0            2
    2145            0            3
    2146            0            4
    2147            0            4
    2148            0            3
    2149            0            4
    2150            0            3
    2151            0            4
    2152            0            4
    2153            0            4
    2154            0            4
    2155            0            4
    2156            0            3
    2157            0            3
    2158            0            4
    2159            0            3
    2160            0            1
    2161            0            3
    2162            0            4
    2163            0            3
    2164            0            4
    2165            0            4
    2166            0            3
    2167            0            2
    2168            0            3
    2169            0            4
    2170            0            2
    2171            0            3
    2172            0            4
    2173            0            3
    2174            0            3
    2175            0            3
    2176            0            2
    2177            0            4
    2178            0            3
    2179            0            3
    2180            0            3
    2181            0            3
    2182            0            4
    2183            0            3
    2184            0            2
    2185            0            3
    2186            0            4
    2187            0            4
    2188            0            3
    2189            0            5
    2190            1            4
    2191            1            3
    2192            0            2
    2193            0            2
    2194            0            4
    2195            0            2
    2196            0            1
    2197            0            2
    2198            0            2
    2199            0            3
    2200            0            2
    2201            0            1
    2202            0            3
    2203            0            2
    2204            1            2
    2205            1            3
    2206            0            2
    2207            1            4
    2208            1            4
    2209            1            4
    2210            1            3
    2211            1            3
    2212            0            3
    2213            1            3
    2214            1            3
    2215            1            3
    2216            1            3
    2217            1            3
    2218            1            3
    2219            1            3
    2220            0            3
    2221            0            3
    2222            1            3
    2223            1            2
    2224            0            4
    2225            1            3
    2226            0            1
    2227            0            2
    2228            0            2
    2229            1            3
    2230            1            2
    2231            1            2
    2232            1            3
    2233            1            3
    2234            1            4
    2235            1            3
    2236            1            3
    2237            1            3
    2238            1            4
    2239            1            4
    2240            1            5
    2241            1            3
    2242            1            4
    2243            0            4
    2244            0            4
    2245            1            5
    2246            1            4
    2247            1            4
    2248            1            4
    2249            1            3
    2250            1            5
    2251            1            4
    2252            3            5
    2253            3            7
    2254            1            7
    2255            3            7
    2256            2            4
    2257            2            7
    2258            2            5
    2259            2            5
    2260            2            6
    2261            1            6
    2262            3            6
    2263            1            5
    2264            2            6
    2265            3            3
    2266            2            6
    2267            2            7
    2268            2            6
    2269            1            4
    2270            1            4
    2271            1            4
    2272            0            3
    2273            1            3
    2274            1            4
    2275            1            3
    2276            1            4
    2277            2            5
    2278            2            5
    2279            2            5
    2280            1            3
    2281            2            5
    2282            2            6
    2283            1            3
    2284            1            5
    2285            1            4
    2286            1            4
    2287            2            3
    2288            2            6
    2289            2            5
    2290            2            6
    2291            2            4
    2292            2            4
    2293            3            5
    2294            2            6
    2295            0            5
    2296            3            8
    2297            2            6
    2298            1            5
    2299            1            7
    2300            1            4
    2301            2            6
    2302            1            8
    2303            2            5
    2304            2            4
    2305            3            9
    2306            3            7
    2307            3            6
    2308            1            6
    2309            2            5
    2310            3            6
    2311            1            6
    2312            2            4
    2313            1           10
    2314            2            6
    2315            2            6
    2316            1            5
    2317            1            5
    2318            3            5
    2319            2            4
    2320            1            4
    2321            1            3
    2322            1            4
    2323            2            4
    2324            1            4
    2325            2            5
    2326            3            5
    2327            2            3
    2328            3            5
    2329            1            6
    2330            2            6
    2331            1            7
    2332            2            4
    2333            2            6
    2334            2            4
    2335            0            6
    2336            1            6
    2337            2            5
    2338            1            8
    2339            2            8
    2340            2            6
    2341            2            7
    2342            2            7
    2343            1            5
    2344            2            8
    2345            1            6
    2346            0            6
    2347            1            6
    2348            2            6
    2349            3            6
    2350            1            7
    2351            0            7
    2352            0            7
    2353            4            8
    2354            3            7
    2355            3           10
    2356            1           10
    2357            2            7
    2358            1            7
    2359            1            8
    2360            2            9
    2361            3            7
    2362            2            8
    2363            1            8
    2364            1            6
    2365            1            9
    2366            1            7
    2367            1            7
    2368            2            5
    2369            1            8
    2370            1            7
    2371            1            6
    2372            1            9
    2373            1            8
    2374            2            8
    2375            1            6
    2376            1            8
    2377            1            8
    2378            1            7
    2379            1            6
    2380            1            6
    2381            1            9
    2382            1           10
    2383            2            6
    2384            1            7
    2385            1            7
    2386            1            8
    2387            1           10
    2388            2            5
    2389            2            9
    2390            2            7
    2391            2            7
    2392            1            8
    2393            2            9
    2394            1            7
    2395            0            6
    2396            1            7
    2397            2            8
    2398            1            6
    2399            1            9
    2400            2            6
