#Frame     3.5[lower]   3.5[upper]
       1            0            1
       2            0            1
       3            0            1
       4            0            1
       5            0            1
       6            0            1
       7            0            1
       8            0            0
       9            0            1
      10            0            1
      11            0            0
      12            0            0
      13            0            0
      14            0            1
      15            0            0
      16            0            0
      17            0            1
      18            0            2
      19            0            1
      20            0            1
      21            0            1
      22            0            0
      23            0            1
      24            0            1
      25            0            1
      26            0            1
      27            0            1
      28            0            1
      29            0            1
      30            0            0
      31            0            0
      32            0            0
      33            0            1
      34            0            0
      35            0            1
      36            0            1
      37            0            0
      38            0            0
      39            0            0
      40            0            1
      41            0            0
      42            0            0
      43            0            0
      44            0            2
      45            0            0
      46            0            0
      47            0            0
      48            0            0
      49            0            1
      50            0            0
      51            0            1
      52            0            0
      53            0            0
      54            0            2
      55            0            1
      56            0            0
      57            0            1
      58            0            0
      59            0            0
      60            0            0
      61            0            1
      62            0            0
      63            0            0
      64            0            0
      65            0            0
      66            0            0
      67            0            0
      68            0            1
      69            0            2
      70            0            1
      71            0            0
      72            0            1
      73            0            0
      74            0            0
      75            0            1
      76            0            1
      77            0            0
      78            0            0
      79            0            0
      80            0            1
      81            0            1
      82            0            2
      83            0            0
      84            0            0
      85            0            0
      86            0            0
      87            0            1
      88            0            1
      89            0            1
      90            0            2
      91            0            1
      92            0            1
      93            0            0
      94            0            1
      95            0            0
      96            0            0
      97            0            1
      98            0            1
      99            0            1
     100            0            1
     101            0            1
     102            0            2
     103            0            1
     104            0            1
     105            0            1
     106            0            0
     107            0            1
     108            0            2
     109            0            0
     110            0            1
     111            0            0
     112            0            1
     113            0            1
     114            0            0
     115            0            0
     116            0            0
     117            0            0
     118            0            0
     119            0            0
     120            0            0
     121            0            0
     122            0            0
     123            0            0
     124            0            0
     125            0            0
     126            0            2
     127            0            1
     128            0            0
     129            0            0
     130            0            0
     131            0            0
     132            0            0
     133            0            0
     134            0            0
     135            0            0
     136            0            0
     137            0            0
     138            0            0
     139            0            1
     140            0            0
     141            0            0
     142            0            0
     143            0            0
     144            0            1
     145            0            1
     146            0            0
     147            0            1
     148            0            1
     149            0            1
     150            0            0
     151            0            1
     152            0            0
     153            0            0
     154            0            2
     155            0            0
     156            0            1
     157            0            1
     158            0            0
     159            0            1
     160            0            1
     161            0            0
     162            0            0
     163            0            1
     164            0            2
     165            0            1
     166            0            0
     167            0            1
     168            0            0
     169            0            1
     170            0            0
     171            0            0
     172            0            2
     173            0            0
     174            0            0
     175            0            1
     176            0            0
     177            0            0
     178            0            0
     179            0            0
     180            0            0
     181            0            0
     182            0            0
     183            0            0
     184            0            1
     185            0            0
     186            0            1
     187            0            1
     188            0            0
     189            0            1
     190            0            0
     191            0            1
     192            0            1
     193            0            0
     194            0            0
     195            0            1
     196            0            1
     197            0            0
     198            0            0
     199            0            0
     200            0            0
     201            0            0
     202            0            1
     203            0            0
     204            0            0
     205            0            0
     206            0            0
     207            0            0
     208            0            0
     209            0            0
     210            0            0
     211            0            0
     212            0            0
     213            0            1
     214            0            0
     215            0            0
     216            0            2
     217            0            1
     218            0            0
     219            0            1
     220            0            1
     221            0            1
     222            0            0
     223            0            0
     224            0            0
     225            0            0
     226            0            0
     227            0            0
     228            0            1
     229            0            1
     230            0            0
     231            0            2
     232            0            0
     233            0            0
     234            0            2
     235            0            1
     236            0            1
     237            0            1
     238            0            0
     239            0            2
     240            0            0
     241            0            0
     242            0            1
     243            0            0
     244            0            0
     245            0            0
     246            0            1
     247            0            1
     248            0            0
     249            0            0
     250            0            0
     251            0            1
     252            0            0
     253            0            0
     254            0            1
     255            0            2
     256            0            1
     257            0            1
     258            0            1
     259            0            1
     260            0            1
     261            0            2
     262            0            1
     263            0            0
     264            0            1
     265            0            1
     266            0            0
     267            0            1
     268            0            1
     269            0            1
     270            0            0
     271            0            0
     272            0            0
     273            0            0
     274            0            0
     275            0            1
     276            0            0
     277            0            2
     278            0            0
     279            0            0
     280            0            1
     281            0            0
     282            0            1
     283            0            0
     284            0            1
     285            0            0
     286            0            0
     287            0            1
     288            0            2
     289            0            1
     290            0            1
     291            0            1
     292            0            1
     293            0            0
     294            0            1
     295            0            0
     296            0            1
     297            0            0
     298            0            1
     299            0            0
     300            0            0
     301            0            0
     302            0            0
     303            0            0
     304            0            0
     305            0            0
     306            0            0
     307            0            0
     308            0            0
     309            0            0
     310            0            1
     311            0            1
     312            0            1
     313            0            0
     314            0            0
     315            0            1
     316            0            0
     317            0            0
     318            0            1
     319            0            0
     320            0            0
     321            0            1
     322            0            0
     323            0            0
     324            0            0
     325            0            1
     326            0            0
     327            0            0
     328            0            1
     329            0            1
     330            0            1
     331            0            0
     332            0            0
     333            0            0
     334            0            1
     335            0            0
     336            0            1
     337            0            1
     338            0            1
     339            0            1
     340            0            0
     341            0            0
     342            0            1
     343            0            1
     344            0            1
     345            0            0
     346            0            0
     347            0            1
     348            0            0
     349            0            0
     350            0            0
     351            0            2
     352            0            0
     353            0            1
     354            0            1
     355            0            2
     356            0            0
     357            0            0
     358            0            1
     359            0            0
     360            0            0
     361            0            0
     362            0            0
     363            0            1
     364            0            0
     365            0            1
     366            0            0
     367            0            0
     368            0            2
     369            0            0
     370            0            0
     371            0            1
     372            0            1
     373            0            0
     374            0            0
     375            0            2
     376            0            0
     377            0            0
     378            0            0
     379            0            0
     380            0            0
     381            0            0
     382            0            1
     383            0            0
     384            0            0
     385            0            0
     386            0            0
     387            0            0
     388            0            0
     389            0            0
     390            0            0
     391            0            0
     392            0            1
     393            0            1
     394            0            1
     395            0            1
     396            0            1
     397            0            0
     398            0            0
     399            0            2
     400            0            1
     401            0            0
     402            0            2
     403            0            0
     404            0            1
     405            0            1
     406            0            1
     407            0            1
     408            0            1
     409            0            1
     410            0            1
     411            0            1
     412            0            2
     413            0            0
     414            0            1
     415            0            1
     416            0            0
     417            0            2
     418            0            0
     419            0            0
     420            0            1
     421            0            0
     422            0            1
     423            0            0
     424            0            1
     425            0            1
     426            0            0
     427            0            0
     428            0            2
     429            0            1
     430            0            1
     431            0            1
     432            0            1
     433            0            1
     434            0            0
     435            0            1
     436            0            0
     437            0            0
     438            0            0
     439            0            0
     440            0            1
     441            0            0
     442            0            0
     443            0            1
     444            0            1
     445            0            0
     446            0            0
     447            0            1
     448            0            0
     449            0            0
     450            0            1
     451            0            0
     452            0            0
     453            0            0
     454            0            0
     455            0            1
     456            0            0
     457            0            1
     458            0            0
     459            0            0
     460            0            0
     461            0            0
     462            0            1
     463            0            0
     464            0            1
     465            0            0
     466            0            1
     467            0            1
     468            0            1
     469            0            1
     470            0            1
     471            0            2
     472            0            1
     473            0            1
     474            0            1
     475            0            0
     476            0            1
     477            0            1
     478            0            1
     479            0            1
     480            0            0
     481            0            0
     482            0            0
     483            0            1
     484            0            1
     485            0            0
     486            0            1
     487            0            1
     488            0            1
     489            0            1
     490            0            1
     491            0            0
     492            0            0
     493            0            0
     494            0            0
     495            0            0
     496            0            1
     497            0            1
     498            0            0
     499            0            0
     500            0            0
     501            0            0
     502            0            0
     503            0            0
     504            0            1
     505            0            0
     506            0            1
     507            0            0
     508            0            0
     509            0            1
     510            0            1
     511            0            1
     512            0            1
     513            1            2
     514            0            0
     515            0            1
     516            0            1
     517            0            2
     518            0            0
     519            0            0
     520            0            0
     521            0            1
     522            0            1
     523            1            2
     524            0            1
     525            1            2
     526            0            1
     527            1            1
     528            1            1
     529            0            2
     530            1            2
     531            1            2
     532            1            1
     533            1            2
     534            1            2
     535            1            2
     536            1            1
     537            1            1
     538            1            3
     539            1            2
     540            1            2
     541            1            2
     542            1            2
     543            1            1
     544            1            2
     545            1            1
     546            1            1
     547            1            2
     548            1            2
     549            1            2
     550            1            2
     551            1            1
     552            1            1
     553            1            2
     554            1            1
     555            1            1
     556            1            1
     557            1            2
     558            1            2
     559            0            1
     560            0            1
     561            0            1
     562            0            0
     563            0            0
     564            0            1
     565            0            1
     566            1            1
     567            0            1
     568            0            1
     569            1            2
     570            0            1
     571            1            2
     572            0            2
     573            0            1
     574            0            1
     575            0            0
     576            0            2
     577            0            2
     578            0            1
     579            0            2
     580            1            2
     581            0            2
     582            0            1
     583            0            0
     584            0            1
     585            0            0
     586            0            1
     587            0            1
     588            0            1
     589            0            1
     590            0            1
     591            0            0
     592            0            0
     593            0            0
     594            0            0
     595            0            0
     596            0            1
     597            0            0
     598            0            0
     599            0            0
     600            0            0
     601            0            0
     602            0            0
     603            0            1
     604            0            0
     605            0            2
     606            0            1
     607            0            1
     608            0            2
     609            0            2
     610            0            2
     611            0            1
     612            0            1
     613            1            1
     614            0            1
     615            0            0
     616            0            1
     617            0            1
     618            0            1
     619            0            1
     620            0            1
     621            0            1
     622            0            0
     623            0            2
     624            0            0
     625            0            1
     626            0            0
     627            0            1
     628            0            1
     629            0            1
     630            0            1
     631            0            0
     632            0            0
     633            0            1
     634            0            1
     635            0            1
     636            0            1
     637            0            1
     638            0            1
     639            0            1
     640            0            1
     641            0            1
     642            0            2
     643            0            1
     644            1            1
     645            1            1
     646            0            1
     647            0            2
     648            0            1
     649            0            1
     650            0            0
     651            0            1
     652            0            2
     653            1            1
     654            0            2
     655            1            1
     656            0            1
     657            0            1
     658            0            1
     659            0            2
     660            1            2
     661            0            2
     662            0            1
     663            0            1
     664            0            1
     665            0            1
     666            0            0
     667            0            0
     668            0            0
     669            0            1
     670            0            0
     671            0            1
     672            0            1
     673            0            0
     674            0            0
     675            0            0
     676            0            0
     677            0            1
     678            0            1
     679            0            1
     680            0            1
     681            1            1
     682            1            2
     683            1            1
     684            1            2
     685            0            1
     686            0            2
     687            1            2
     688            1            1
     689            0            1
     690            0            1
     691            0            1
     692            0            0
     693            0            1
     694            0            1
     695            1            2
     696            1            2
     697            1            1
     698            1            1
     699            1            1
     700            1            1
     701            1            1
     702            1            1
     703            1            3
     704            1            2
     705            1            2
     706            1            2
     707            1            1
     708            1            1
     709            1            1
     710            1            1
     711            1            2
     712            1            1
     713            1            2
     714            1            2
     715            1            1
     716            1            2
     717            1            1
     718            1            1
     719            1            1
     720            1            2
     721            1            2
     722            1            2
     723            1            2
     724            1            2
     725            1            1
     726            1            2
     727            1            1
     728            1            2
     729            1            2
     730            1            1
     731            1            1
     732            1            1
     733            1            1
     734            1            1
     735            1            1
     736            1            2
     737            1            2
     738            1            2
     739            1            1
     740            1            1
     741            1            1
     742            1            2
     743            1            2
     744            1            2
     745            1            2
     746            1            2
     747            1            2
     748            1            1
     749            1            1
     750            0            1
     751            0            0
     752            0            1
     753            0            0
     754            0            2
     755            0            1
     756            0            0
     757            0            1
     758            0            1
     759            0            0
     760            0            1
     761            0            1
     762            0            1
     763            0            0
     764            0            0
     765            0            1
     766            0            1
     767            0            0
     768            0            0
     769            0            0
     770            0            0
     771            0            1
     772            1            1
     773            0            0
     774            0            0
     775            0            2
     776            0            0
     777            0            0
     778            0            1
     779            0            1
     780            0            1
     781            0            1
     782            0            1
     783            0            1
     784            0            0
     785            0            1
     786            0            1
     787            0            0
     788            0            1
     789            0            1
     790            0            0
     791            0            1
     792            0            0
     793            0            1
     794            0            1
     795            0            1
     796            0            1
     797            0            1
     798            0            2
     799            0            1
     800            0            1
     801            0            1
     802            0            1
     803            0            0
     804            0            1
     805            0            0
     806            0            1
     807            0            1
     808            1            2
     809            1            1
     810            1            1
     811            1            1
     812            1            2
     813            1            2
     814            1            2
     815            1            2
     816            1            2
     817            1            2
     818            1            1
     819            1            2
     820            1            1
     821            1            2
     822            1            1
     823            1            1
     824            0            1
     825            0            1
     826            0            0
     827            0            0
     828            0            1
     829            0            0
     830            0            0
     831            0            0
     832            0            1
     833            0            2
     834            0            1
     835            0            1
     836            0            0
     837            0            2
     838            0            1
     839            0            1
     840            0            0
     841            0            1
     842            0            1
     843            0            1
     844            0            0
     845            0            1
     846            0            2
     847            0            2
     848            0            2
     849            0            1
     850            0            1
     851            0            1
     852            0            0
     853            0            1
     854            0            1
     855            0            0
     856            0            2
     857            1            1
     858            1            2
     859            1            1
     860            0            1
     861            0            1
     862            0            1
     863            0            0
     864            0            0
     865            0            1
     866            0            2
     867            0            1
     868            0            1
     869            0            1
     870            0            1
     871            0            0
     872            0            0
     873            0            1
     874            0            0
     875            0            1
     876            0            0
     877            0            0
     878            0            0
     879            0            0
     880            0            1
     881            0            2
     882            0            1
     883            0            0
     884            0            1
     885            0            1
     886            0            1
     887            0            1
     888            0            1
     889            0            1
     890            0            1
     891            0            1
     892            0            1
     893            0            1
     894            0            1
     895            0            1
     896            0            1
     897            0            1
     898            0            1
     899            0            0
     900            0            0
     901            0            0
     902            0            0
     903            0            1
     904            0            0
     905            0            0
     906            0            1
     907            0            2
     908            0            2
     909            0            1
     910            0            1
     911            0            1
     912            0            1
     913            0            0
     914            0            1
     915            0            0
     916            0            0
     917            0            1
     918            0            1
     919            0            0
     920            0            0
     921            0            0
     922            0            0
     923            0            1
     924            0            0
     925            0            1
     926            0            1
     927            0            0
     928            0            1
     929            0            1
     930            0            0
     931            0            1
     932            0            0
     933            0            1
     934            0            1
     935            0            0
     936            0            1
     937            0            0
     938            0            0
     939            0            0
     940            0            1
     941            0            1
     942            0            1
     943            0            1
     944            0            1
     945            0            1
     946            0            0
     947            0            0
     948            0            0
     949            0            0
     950            0            0
     951            0            0
     952            0            1
     953            0            0
     954            0            0
     955            0            0
     956            0            0
     957            0            0
     958            0            1
     959            0            1
     960            0            0
     961            0            0
     962            0            0
     963            0            0
     964            0            0
     965            0            0
     966            0            1
     967            0            0
     968            0            0
     969            0            0
     970            0            1
     971            0            2
     972            0            1
     973            1            2
     974            0            2
     975            0            1
     976            0            0
     977            0            0
     978            0            1
     979            0            0
     980            0            0
     981            0            2
     982            0            1
     983            0            1
     984            0            0
     985            0            1
     986            0            1
     987            0            0
     988            0            0
     989            0            0
     990            0            0
     991            0            0
     992            0            0
     993            0            2
     994            0            1
     995            0            1
     996            0            2
     997            0            1
     998            0            0
     999            0            0
    1000            0            2
    1001            0            0
    1002            0            1
    1003            0            2
    1004            0            1
    1005            0            1
    1006            0            0
    1007            1            1
    1008            0            1
    1009            0            1
    1010            0            1
    1011            0            1
    1012            0            0
    1013            1            2
    1014            1            2
    1015            0            1
    1016            0            0
    1017            0            0
    1018            0            1
    1019            1            2
    1020            0            2
    1021            1            1
    1022            0            2
    1023            0            1
    1024            0            2
    1025            0            0
    1026            0            2
    1027            0            1
    1028            0            2
    1029            0            2
    1030            0            2
    1031            0            0
    1032            0            1
    1033            0            0
    1034            1            2
    1035            0            0
    1036            0            1
    1037            0            2
    1038            0            2
    1039            0            0
    1040            0            2
    1041            0            1
    1042            0            1
    1043            0            0
    1044            0            0
    1045            0            1
    1046            0            0
    1047            0            0
    1048            0            0
    1049            0            1
    1050            0            0
    1051            0            1
    1052            0            1
    1053            0            2
    1054            0            1
    1055            0            0
    1056            0            0
    1057            0            1
    1058            0            0
    1059            0            1
    1060            0            1
    1061            0            0
    1062            0            1
    1063            1            1
    1064            1            2
    1065            1            1
    1066            1            2
    1067            1            1
    1068            1            2
    1069            1            1
    1070            1            2
    1071            1            1
    1072            1            2
    1073            1            2
    1074            1            2
    1075            1            1
    1076            1            1
    1077            1            2
    1078            1            1
    1079            1            2
    1080            1            2
    1081            1            2
    1082            1            1
    1083            1            2
    1084            0            1
    1085            0            0
    1086            1            1
    1087            0            1
    1088            0            1
    1089            0            0
    1090            0            0
    1091            0            0
    1092            0            2
    1093            0            0
    1094            0            1
    1095            0            1
    1096            0            1
    1097            0            0
    1098            0            1
    1099            0            0
    1100            0            0
    1101            0            1
    1102            0            1
    1103            0            0
    1104            0            1
    1105            1            2
    1106            1            2
    1107            1            1
    1108            1            2
    1109            0            1
    1110            0            1
    1111            0            0
    1112            0            0
    1113            0            1
    1114            0            2
    1115            1            2
    1116            1            2
    1117            1            1
    1118            1            1
    1119            1            2
    1120            1            1
    1121            1            2
    1122            1            1
    1123            1            1
    1124            1            1
    1125            0            0
    1126            0            0
    1127            0            0
    1128            0            0
    1129            0            1
    1130            0            2
    1131            0            2
    1132            0            2
    1133            0            0
    1134            0            1
    1135            0            2
    1136            0            0
    1137            0            1
    1138            0            1
    1139            1            1
    1140            1            2
    1141            1            1
    1142            1            2
    1143            1            1
    1144            1            1
    1145            0            2
    1146            0            0
    1147            0            2
    1148            0            0
    1149            0            0
    1150            0            1
    1151            0            0
    1152            0            0
    1153            0            0
    1154            0            0
    1155            0            0
    1156            0            0
    1157            0            2
    1158            1            2
    1159            1            1
    1160            1            2
    1161            0            2
    1162            1            2
    1163            1            3
    1164            1            1
    1165            1            1
    1166            0            0
    1167            0            0
    1168            0            0
    1169            0            0
    1170            0            0
    1171            0            0
    1172            0            0
    1173            0            0
    1174            0            0
    1175            0            0
    1176            0            0
    1177            0            0
    1178            0            0
    1179            1            1
    1180            0            0
    1181            0            0
    1182            0            0
    1183            0            0
    1184            0            0
    1185            0            0
    1186            0            0
    1187            0            0
    1188            0            1
    1189            1            1
    1190            1            2
    1191            1            1
    1192            1            1
    1193            1            2
    1194            1            1
    1195            1            2
    1196            1            2
    1197            1            1
    1198            1            1
    1199            1            1
    1200            1            1
    1201            1            1
    1202            1            2
    1203            1            1
    1204            1            1
    1205            1            1
    1206            1            1
    1207            1            1
    1208            1            2
    1209            1            1
    1210            1            1
    1211            1            1
    1212            1            2
    1213            1            1
    1214            1            1
    1215            1            1
    1216            1            1
    1217            1            1
    1218            1            1
    1219            1            1
    1220            1            1
    1221            0            1
    1222            1            1
    1223            1            1
    1224            1            1
    1225            1            1
    1226            1            1
    1227            1            1
    1228            0            0
    1229            0            0
    1230            0            0
    1231            0            1
    1232            0            0
    1233            0            2
    1234            0            1
    1235            1            1
    1236            1            2
    1237            0            1
    1238            1            1
    1239            1            2
    1240            1            1
    1241            1            2
    1242            1            1
    1243            1            1
    1244            1            2
    1245            1            2
    1246            1            1
    1247            1            1
    1248            1            1
    1249            1            2
    1250            1            1
    1251            1            1
    1252            1            1
    1253            1            2
    1254            1            3
    1255            0            1
    1256            1            1
    1257            1            1
    1258            1            1
    1259            1            1
    1260            1            2
    1261            1            1
    1262            1            2
    1263            1            1
    1264            1            1
    1265            0            1
    1266            1            1
    1267            0            1
    1268            1            1
    1269            1            1
    1270            1            1
    1271            1            1
    1272            1            1
    1273            1            1
    1274            1            1
    1275            1            1
    1276            1            1
    1277            1            2
    1278            1            1
    1279            1            2
    1280            1            2
    1281            1            2
    1282            1            1
    1283            1            2
    1284            1            2
    1285            1            2
    1286            1            1
    1287            1            1
    1288            0            2
    1289            0            0
    1290            0            2
    1291            0            2
    1292            0            2
    1293            0            2
    1294            0            2
    1295            0            1
    1296            0            0
    1297            0            2
    1298            0            1
    1299            0            2
    1300            1            1
    1301            1            2
    1302            0            1
    1303            1            1
    1304            0            1
    1305            0            0
    1306            0            0
    1307            0            0
    1308            0            1
    1309            0            1
    1310            0            1
    1311            1            2
    1312            0            1
    1313            1            2
    1314            1            1
    1315            1            1
    1316            1            2
    1317            1            3
    1318            1            1
    1319            1            1
    1320            1            2
    1321            2            2
    1322            2            3
    1323            2            4
    1324            2            3
    1325            2            3
    1326            2            2
    1327            2            3
    1328            2            2
    1329            2            2
    1330            2            3
    1331            2            3
    1332            2            4
    1333            2            4
    1334            2            3
    1335            2            3
    1336            2            3
    1337            2            2
    1338            2            2
    1339            2            3
    1340            2            2
    1341            2            2
    1342            2            2
    1343            2            2
    1344            2            2
    1345            2            4
    1346            2            4
    1347            2            2
    1348            2            4
    1349            2            4
    1350            2            3
    1351            2            3
    1352            2            3
    1353            2            3
    1354            2            3
    1355            2            3
    1356            2            2
    1357            2            3
    1358            2            2
    1359            2            3
    1360            1            2
    1361            2            2
    1362            2            2
    1363            1            2
    1364            1            2
    1365            1            3
    1366            2            2
    1367            2            3
    1368            2            3
    1369            2            2
    1370            2            3
    1371            2            2
    1372            2            4
    1373            2            3
    1374            2            3
    1375            2            3
    1376            2            3
    1377            2            3
    1378            2            3
    1379            2            2
    1380            2            3
    1381            2            3
    1382            2            4
    1383            2            3
    1384            2            4
    1385            1            3
    1386            2            3
    1387            1            2
    1388            1            2
    1389            1            2
    1390            1            2
    1391            1            1
    1392            1            1
    1393            1            1
    1394            1            1
    1395            1            1
    1396            1            1
    1397            1            2
    1398            1            1
    1399            1            2
    1400            1            2
    1401            1            1
    1402            1            1
    1403            1            1
    1404            1            1
    1405            1            2
    1406            1            1
    1407            1            3
    1408            1            2
    1409            1            2
    1410            1            2
    1411            1            1
    1412            1            2
    1413            1            1
    1414            1            2
    1415            1            2
    1416            1            1
    1417            1            2
    1418            2            2
    1419            1            2
    1420            2            3
    1421            2            3
    1422            2            3
    1423            1            2
    1424            1            1
    1425            1            3
    1426            1            1
    1427            1            2
    1428            1            3
    1429            1            3
    1430            1            2
    1431            1            2
    1432            1            2
    1433            1            2
    1434            1            1
    1435            1            1
    1436            1            1
    1437            1            2
    1438            1            3
    1439            1            2
    1440            1            2
    1441            1            1
    1442            1            2
    1443            1            2
    1444            1            2
    1445            0            2
    1446            0            2
    1447            1            2
    1448            1            2
    1449            1            2
    1450            1            1
    1451            1            2
    1452            1            2
    1453            1            1
    1454            1            2
    1455            1            2
    1456            1            1
    1457            1            1
    1458            1            1
    1459            1            1
    1460            1            1
    1461            1            2
    1462            1            1
    1463            1            1
    1464            1            1
    1465            1            2
    1466            0            2
    1467            1            3
    1468            1            2
    1469            1            1
    1470            1            1
    1471            1            3
    1472            1            2
    1473            1            2
    1474            1            2
    1475            2            3
    1476            1            3
    1477            1            2
    1478            1            2
    1479            1            2
    1480            1            2
    1481            2            3
    1482            2            2
    1483            2            3
    1484            2            2
    1485            2            2
    1486            2            3
    1487            2            3
    1488            2            2
    1489            1            3
    1490            1            2
    1491            1            2
    1492            1            2
    1493            1            2
    1494            1            2
    1495            1            2
    1496            1            1
    1497            1            1
    1498            1            2
    1499            1            2
    1500            1            3
    1501            1            1
    1502            1            2
    1503            1            2
    1504            1            2
    1505            1            2
    1506            1            1
    1507            1            3
    1508            1            2
    1509            1            3
    1510            1            1
    1511            1            2
    1512            1            2
    1513            1            3
    1514            1            2
    1515            1            2
    1516            2            3
    1517            2            2
    1518            2            3
    1519            2            2
    1520            2            3
    1521            2            3
    1522            1            1
    1523            1            1
    1524            1            1
    1525            1            2
    1526            1            2
    1527            1            1
    1528            1            2
    1529            1            1
    1530            1            1
    1531            1            3
    1532            1            3
    1533            1            2
    1534            1            2
    1535            2            2
    1536            2            2
    1537            2            3
    1538            2            2
    1539            2            3
    1540            1            3
    1541            2            3
    1542            2            3
    1543            2            3
    1544            2            2
    1545            2            3
    1546            2            3
    1547            2            3
    1548            2            2
    1549            2            3
    1550            2            2
    1551            1            2
    1552            2            3
    1553            2            3
    1554            2            2
    1555            2            3
    1556            2            2
    1557            2            2
    1558            2            3
    1559            2            3
    1560            2            3
    1561            2            3
    1562            2            3
    1563            2            3
    1564            2            3
    1565            2            3
    1566            2            2
    1567            2            3
    1568            2            3
    1569            2            2
    1570            2            3
    1571            2            4
    1572            2            2
    1573            2            3
    1574            2            3
    1575            2            3
    1576            2            2
    1577            2            3
    1578            2            3
    1579            2            3
    1580            2            2
    1581            2            2
    1582            2            2
    1583            2            3
    1584            2            3
    1585            2            3
    1586            1            2
    1587            1            1
    1588            1            1
    1589            1            2
    1590            1            2
    1591            1            1
    1592            1            1
    1593            1            1
    1594            1            2
    1595            1            2
    1596            1            2
    1597            2            3
    1598            2            3
    1599            2            2
    1600            1            1
    1601            1            2
    1602            1            2
    1603            1            2
    1604            1            2
    1605            1            2
    1606            1            2
    1607            1            2
    1608            1            1
    1609            1            2
    1610            1            2
    1611            1            2
    1612            1            2
    1613            1            2
    1614            1            3
    1615            1            1
    1616            1            2
    1617            1            2
    1618            1            1
    1619            1            1
    1620            1            2
    1621            1            2
    1622            1            1
    1623            1            1
    1624            1            1
    1625            2            2
    1626            2            2
    1627            2            3
    1628            2            3
    1629            2            2
    1630            2            3
    1631            2            3
    1632            2            4
    1633            2            3
    1634            2            2
    1635            2            2
    1636            2            2
    1637            2            2
    1638            2            2
    1639            2            3
    1640            2            3
    1641            2            4
    1642            2            3
    1643            2            4
    1644            2            3
    1645            2            3
    1646            2            3
    1647            2            2
    1648            2            2
    1649            2            3
    1650            2            3
    1651            1            3
    1652            2            3
    1653            2            2
    1654            2            2
    1655            2            3
    1656            2            3
    1657            2            2
    1658            2            3
    1659            2            2
    1660            2            2
    1661            2            2
    1662            2            2
    1663            2            3
    1664            2            3
    1665            1            2
    1666            1            3
    1667            1            3
    1668            2            3
    1669            1            2
    1670            1            1
    1671            2            3
    1672            2            2
    1673            2            2
    1674            1            2
    1675            2            2
    1676            2            3
    1677            2            2
    1678            2            3
    1679            2            2
    1680            2            2
    1681            2            3
    1682            2            4
    1683            2            2
    1684            2            3
    1685            2            3
    1686            2            4
    1687            2            3
    1688            2            3
    1689            1            1
    1690            1            2
    1691            1            1
    1692            1            2
    1693            1            2
    1694            1            3
    1695            1            2
    1696            1            3
    1697            1            2
    1698            1            2
    1699            1            1
    1700            1            2
    1701            1            2
    1702            1            2
    1703            1            2
    1704            1            2
    1705            1            3
    1706            1            3
    1707            1            3
    1708            1            1
    1709            1            2
    1710            2            3
    1711            2            3
    1712            2            2
    1713            2            2
    1714            2            2
    1715            2            2
    1716            2            4
    1717            2            2
    1718            2            4
    1719            2            3
    1720            2            2
    1721            1            2
    1722            1            2
    1723            1            2
    1724            1            2
    1725            2            2
    1726            1            2
    1727            2            2
    1728            1            2
    1729            1            2
    1730            1            2
    1731            1            2
    1732            1            2
    1733            1            2
    1734            1            2
    1735            2            2
    1736            2            2
    1737            2            2
    1738            1            2
    1739            1            1
    1740            1            2
    1741            1            2
    1742            1            2
    1743            1            2
    1744            1            1
    1745            1            2
    1746            1            1
    1747            1            2
    1748            1            1
    1749            1            2
    1750            1            2
    1751            1            2
    1752            1            2
    1753            1            1
    1754            1            2
    1755            1            2
    1756            1            2
    1757            1            2
    1758            1            2
    1759            1            2
    1760            1            2
    1761            1            2
    1762            2            2
    1763            2            2
    1764            1            2
    1765            1            1
    1766            1            2
    1767            1            2
    1768            1            3
    1769            1            2
    1770            1            2
    1771            1            2
    1772            1            2
    1773            1            2
    1774            1            2
    1775            1            2
    1776            1            2
    1777            1            2
    1778            1            2
    1779            1            2
    1780            1            1
    1781            1            2
    1782            1            2
    1783            1            2
    1784            1            2
    1785            1            1
    1786            1            2
    1787            1            2
    1788            1            2
    1789            1            2
    1790            1            2
    1791            1            2
    1792            1            2
    1793            1            2
    1794            1            2
    1795            1            2
    1796            1            2
    1797            1            1
    1798            2            2
    1799            1            2
    1800            1            2
    1801            1            2
    1802            1            2
    1803            1            2
    1804            2            2
    1805            1            2
    1806            1            2
    1807            1            2
    1808            1            2
    1809            1            2
    1810            1            2
    1811            1            2
    1812            1            2
    1813            1            2
    1814            1            1
    1815            1            2
    1816            1            2
    1817            1            2
    1818            1            1
    1819            1            2
    1820            1            2
    1821            1            2
    1822            1            2
    1823            1            2
    1824            1            2
    1825            1            2
    1826            1            2
    1827            1            2
    1828            1            1
    1829            1            2
    1830            1            2
    1831            1            1
    1832            1            2
    1833            1            2
    1834            1            2
    1835            1            2
    1836            1            3
    1837            1            2
    1838            1            2
    1839            1            1
    1840            1            3
    1841            1            1
    1842            1            1
    1843            0            2
    1844            1            1
    1845            1            2
    1846            1            2
    1847            1            2
    1848            1            2
    1849            1            2
    1850            1            2
    1851            1            2
    1852            1            2
    1853            1            2
    1854            1            2
    1855            1            2
    1856            1            2
    1857            1            1
    1858            1            2
    1859            1            2
    1860            1            2
    1861            1            2
    1862            1            2
    1863            1            1
    1864            1            2
    1865            1            2
    1866            1            2
    1867            1            3
    1868            1            2
    1869            1            2
    1870            1            2
    1871            1            1
    1872            1            3
    1873            1            2
    1874            1            1
    1875            1            1
    1876            1            2
    1877            1            1
    1878            1            2
    1879            1            2
    1880            1            2
    1881            1            2
    1882            1            1
    1883            1            1
    1884            1            2
    1885            1            1
    1886            1            2
    1887            1            1
    1888            1            1
    1889            1            1
    1890            1            2
    1891            1            2
    1892            1            2
    1893            1            1
    1894            1            2
    1895            1            2
    1896            1            2
    1897            1            2
    1898            1            1
    1899            1            1
    1900            1            2
    1901            1            2
    1902            1            2
    1903            1            2
    1904            1            1
    1905            1            2
    1906            1            2
    1907            1            1
    1908            1            1
    1909            1            2
    1910            1            1
    1911            1            2
    1912            1            2
    1913            1            2
    1914            1            2
    1915            1            2
    1916            1            2
    1917            1            2
    1918            1            1
    1919            1            2
    1920            1            2
    1921            1            1
    1922            1            1
    1923            1            2
    1924            1            2
    1925            1            2
    1926            1            1
    1927            1            2
    1928            1            2
    1929            1            2
    1930            1            1
    1931            1            2
    1932            1            2
    1933            1            2
    1934            1            2
    1935            1            1
    1936            1            1
    1937            1            3
    1938            1            2
    1939            1            1
    1940            1            1
    1941            1            1
    1942            1            1
    1943            1            2
    1944            1            1
    1945            1            1
    1946            1            2
    1947            1            2
    1948            1            3
    1949            1            2
    1950            1            1
    1951            1            1
    1952            0            1
    1953            1            1
    1954            0            2
    1955            1            2
    1956            1            1
    1957            1            2
    1958            1            2
    1959            1            2
    1960            1            2
    1961            1            2
    1962            1            2
    1963            1            2
    1964            1            2
    1965            1            2
    1966            1            1
    1967            1            2
    1968            1            2
    1969            1            1
    1970            1            1
    1971            1            2
    1972            1            2
    1973            1            2
    1974            1            2
    1975            1            1
    1976            1            2
    1977            1            2
    1978            1            2
    1979            1            2
    1980            1            1
    1981            1            1
    1982            1            2
    1983            1            2
    1984            1            2
    1985            1            2
    1986            1            2
    1987            1            2
    1988            1            2
    1989            1            1
    1990            1            2
    1991            1            1
    1992            1            1
    1993            1            2
    1994            1            2
    1995            1            1
    1996            1            2
    1997            1            2
    1998            1            1
    1999            1            1
    2000            1            2
    2001            1            1
    2002            1            2
    2003            1            1
    2004            1            2
    2005            1            1
    2006            1            2
    2007            1            2
    2008            1            1
    2009            1            2
    2010            1            1
    2011            1            2
    2012            1            2
    2013            1            1
    2014            1            2
    2015            1            2
    2016            1            1
    2017            1            1
    2018            1            1
    2019            1            1
    2020            1            1
    2021            1            2
    2022            1            1
    2023            1            2
    2024            1            2
    2025            1            1
    2026            1            2
    2027            1            2
    2028            1            2
    2029            1            2
    2030            1            2
    2031            1            2
    2032            1            2
    2033            1            2
    2034            1            2
    2035            1            2
    2036            1            2
    2037            1            2
    2038            1            2
    2039            1            1
    2040            1            2
    2041            1            1
    2042            1            2
    2043            1            1
    2044            1            2
    2045            1            2
    2046            1            2
    2047            1            2
    2048            1            2
    2049            1            2
    2050            1            1
    2051            1            2
    2052            1            2
    2053            1            2
    2054            1            2
    2055            1            2
    2056            1            2
    2057            1            2
    2058            1            2
    2059            1            1
    2060            1            2
    2061            1            2
    2062            1            1
    2063            1            2
    2064            1            1
    2065            1            1
    2066            1            2
    2067            1            1
    2068            1            2
    2069            1            1
    2070            1            2
    2071            1            2
    2072            1            2
    2073            1            2
    2074            1            2
    2075            1            2
    2076            1            2
    2077            1            1
    2078            1            2
    2079            1            2
    2080            1            2
    2081            1            1
    2082            1            2
    2083            1            2
    2084            1            1
    2085            1            1
    2086            1            1
    2087            1            2
    2088            1            2
    2089            1            1
    2090            1            2
    2091            1            2
    2092            1            2
    2093            1            3
    2094            1            1
    2095            1            2
    2096            1            1
    2097            1            1
    2098            1            1
    2099            1            2
    2100            1            1
    2101            1            2
    2102            1            2
    2103            1            2
    2104            1            1
    2105            1            2
    2106            1            2
    2107            1            2
    2108            1            1
    2109            1            2
    2110            1            2
    2111            1            2
    2112            1            1
    2113            1            1
    2114            1            2
    2115            1            2
    2116            1            2
    2117            1            2
    2118            1            2
    2119            1            2
    2120            1            2
    2121            1            2
    2122            1            1
    2123            1            2
    2124            1            2
    2125            1            2
    2126            1            1
    2127            0            2
    2128            1            2
    2129            1            2
    2130            1            2
    2131            1            2
    2132            1            2
    2133            1            1
    2134            1            1
    2135            1            2
    2136            1            2
    2137            1            1
    2138            1            1
    2139            1            1
    2140            1            1
    2141            1            1
    2142            1            2
    2143            1            2
    2144            1            1
    2145            1            1
    2146            1            1
    2147            1            2
    2148            1            1
    2149            1            1
    2150            1            2
    2151            1            2
    2152            1            2
    2153            1            2
    2154            1            1
    2155            1            2
    2156            1            2
    2157            1            2
    2158            1            2
    2159            1            1
    2160            1            2
    2161            1            1
    2162            1            2
    2163            1            2
    2164            1            1
    2165            1            2
    2166            1            2
    2167            1            2
    2168            1            1
    2169            1            2
    2170            1            2
    2171            1            2
    2172            1            2
    2173            1            1
    2174            1            2
    2175            1            2
    2176            1            1
    2177            1            2
    2178            1            1
    2179            1            2
    2180            1            2
    2181            1            2
    2182            1            1
    2183            1            2
    2184            1            2
    2185            1            2
    2186            1            2
    2187            1            2
    2188            1            2
    2189            2            2
    2190            2            3
    2191            2            2
    2192            1            1
    2193            1            2
    2194            1            2
    2195            1            1
    2196            1            1
    2197            1            1
    2198            1            1
    2199            1            2
    2200            1            2
    2201            1            1
    2202            1            1
    2203            1            2
    2204            1            2
    2205            1            2
    2206            1            2
    2207            1            2
    2208            1            1
    2209            1            2
    2210            1            2
    2211            1            2
    2212            1            3
    2213            1            2
    2214            1            2
    2215            1            1
    2216            1            1
    2217            1            2
    2218            1            2
    2219            1            1
    2220            1            3
    2221            1            3
    2222            2            2
    2223            1            2
    2224            2            3
    2225            1            2
    2226            0            1
    2227            0            1
    2228            1            2
    2229            2            2
    2230            1            2
    2231            0            1
    2232            1            2
    2233            2            2
    2234            1            2
    2235            1            2
    2236            1            2
    2237            2            3
    2238            2            3
    2239            2            2
    2240            2            3
    2241            2            3
    2242            2            2
    2243            2            3
    2244            2            3
    2245            2            2
    2246            2            2
    2247            2            3
    2248            2            3
    2249            2            2
    2250            2            2
    2251            1            2
    2252            2            3
    2253            2            3
    2254            2            3
    2255            2            3
    2256            2            3
    2257            1            2
    2258            2            3
    2259            2            3
    2260            1            2
    2261            1            2
    2262            1            2
    2263            1            1
    2264            1            1
    2265            1            2
    2266            1            2
    2267            1            2
    2268            1            1
    2269            1            1
    2270            1            1
    2271            1            1
    2272            1            1
    2273            1            1
    2274            1            2
    2275            1            1
    2276            1            1
    2277            1            1
    2278            1            2
    2279            1            2
    2280            1            1
    2281            1            1
    2282            1            2
    2283            1            1
    2284            1            1
    2285            1            1
    2286            1            1
    2287            1            2
    2288            1            2
    2289            1            2
    2290            1            1
    2291            1            2
    2292            1            1
    2293            1            1
    2294            1            1
    2295            0            1
    2296            1            2
    2297            1            2
    2298            1            2
    2299            1            1
    2300            1            2
    2301            1            2
    2302            1            2
    2303            1            2
    2304            1            2
    2305            1            2
    2306            1            1
    2307            1            2
    2308            1            1
    2309            1            1
    2310            1            2
    2311            1            2
    2312            1            1
    2313            1            1
    2314            1            2
    2315            1            1
    2316            1            2
    2317            1            1
    2318            1            1
    2319            1            1
    2320            1            1
    2321            1            1
    2322            1            2
    2323            1            2
    2324            1            1
    2325            1            2
    2326            1            2
    2327            1            2
    2328            1            1
    2329            1            2
    2330            1            1
    2331            1            2
    2332            1            2
    2333            1            2
    2334            1            2
    2335            1            1
    2336            1            2
    2337            1            2
    2338            1            1
    2339            1            2
    2340            1            2
    2341            1            1
    2342            1            2
    2343            1            1
    2344            1            1
    2345            1            1
    2346            1            1
    2347            1            2
    2348            1            1
    2349            1            2
    2350            0            1
    2351            1            2
    2352            1            3
    2353            1            2
    2354            1            1
    2355            1            2
    2356            1            1
    2357            1            2
    2358            1            2
    2359            1            1
    2360            1            2
    2361            1            2
    2362            1            1
    2363            1            2
    2364            1            3
    2365            1            2
    2366            1            2
    2367            1            1
    2368            1            2
    2369            1            1
    2370            1            1
    2371            1            1
    2372            1            1
    2373            1            2
    2374            1            2
    2375            1            2
    2376            1            1
    2377            1            2
    2378            1            2
    2379            1            2
    2380            1            2
    2381            1            2
    2382            1            1
    2383            1            1
    2384            1            2
    2385            1            2
    2386            1            1
    2387            1            2
    2388            1            2
    2389            1            1
    2390            1            2
    2391            1            2
    2392            1            1
    2393            1            2
    2394            1            1
    2395            1            1
    2396            1            2
    2397            1            2
    2398            1            2
    2399            1            2
    2400            1            1
